-8.388475806142214886e-03 -8.871123920711179167e-01 -4.614772337911254296e-01 4.415637330724118959e-02
-6.953572104298928469e-01 -3.264730693198321099e-01 6.402294002246740057e-01 1.286945159838670527e-01
-7.186153236445820269e-01 3.262620708000660841e-01 -6.141213868450154933e-01 5.686281988645190966e-01
0.000000000000000000e+00 0.000000000000000000e+00 0.000000000000000000e+00 1.000000000000000000e+00
4.561123985660775482e-03 -7.051405171390409121e-01 -7.090529227334677609e-01 -4.280425509734678974e-02
-7.218759686086996252e-01 -4.930018681258403479e-01 4.856379762432949665e-01 -4.267616039907449338e-02
-6.920074292182408771e-01 5.096332103712604145e-01 -5.112726364606692275e-01 6.236643602840737932e-01
0.000000000000000000e+00 0.000000000000000000e+00 0.000000000000000000e+00 1.000000000000000000e+00
-4.641100051285595995e-03 -9.988941993194636604e-01 4.678502705184145460e-02 2.511277212224343747e-01
-6.381836893771669628e-01 3.897783420488820649e-02 7.688968117072952912e-01 1.343473691761033414e-02
-7.698701441173450011e-01 -2.628891413930656284e-02 -6.376588854474738444e-01 6.033639984551133484e-01
0.000000000000000000e+00 0.000000000000000000e+00 0.000000000000000000e+00 1.000000000000000000e+00
-1.826208039265992122e-01 -3.731623615266826954e-01 9.096150251139391019e-01 7.568840549346804447e-02
-4.773736621097905974e-01 8.424545405337633408e-01 2.497693613274718505e-01 -2.248701452924657673e-01
-8.595138327549417534e-01 -3.886131740868741247e-01 -3.319876085474197658e-01 8.664220579270985878e-01
0.000000000000000000e+00 0.000000000000000000e+00 0.000000000000000000e+00 1.000000000000000000e+00
-1.575506775623847222e-02 -9.327133972534039641e-01 -3.602741961673227022e-01 2.005430510811397060e-01
-6.208804275919627136e-01 -2.733078265946807806e-01 7.347178550677216924e-01 1.894774160543380090e-02
-7.837469441555854344e-01 2.352627265550282232e-01 -5.747975095811357349e-01 6.094407627587763443e-01
0.000000000000000000e+00 0.000000000000000000e+00 0.000000000000000000e+00 1.000000000000000000e+00
-9.285817866699003220e-02 -5.214161008506182915e-01 8.482349959936736905e-01 7.004445956807404949e-02
-5.569380200323933439e-01 7.333774064006373106e-01 3.898430730736059946e-01 -1.320321874899694214e-01
-8.253468364857572404e-01 -4.362142014593441974e-01 -3.584965410546380182e-01 7.835645093929999305e-01
0.000000000000000000e+00 0.000000000000000000e+00 0.000000000000000000e+00 1.000000000000000000e+00
-5.621474937889248125e-02 -9.613660025984583912e-01 2.694722824338873224e-01 3.528432079380745129e-02
-6.292067713899612835e-01 2.436697663143858605e-01 7.380541198457691854e-01 -3.410042008312586664e-02
-7.752023869863204908e-01 -1.280642574341211981e-01 -6.185958334636258993e-01 7.035297899040067193e-01
0.000000000000000000e+00 0.000000000000000000e+00 0.000000000000000000e+00 1.000000000000000000e+00
-7.764072094162466353e-02 -8.376973145834586409e-01 5.405877612296888790e-01 1.019464153386101801e-01
-5.873699295114692687e-01 4.765647981978269332e-01 6.541273263091497148e-01 -1.429107740415841987e-01
-8.055858019834739592e-01 -2.667380780059853684e-01 -5.290390471263121119e-01 7.500583034407711791e-01
0.000000000000000000e+00 0.000000000000000000e+00 0.000000000000000000e+00 1.000000000000000000e+00
-4.510459069056105275e-02 -1.173592335418283672e-01 -9.920647086763602074e-01 1.324551677674875305e-01
-4.637410475094591589e-01 -8.771302622518595271e-01 1.248468818065301411e-01 -5.055924345384302937e-02
-8.848219124510120492e-01 4.656922947016181036e-01 -1.486169243642021520e-02 7.217820543808614042e-01
0.000000000000000000e+00 0.000000000000000000e+00 0.000000000000000000e+00 1.000000000000000000e+00
-3.991351231852324766e-02 -6.689838155301441880e-01 -7.422045311725933292e-01 9.895590400014127319e-02
-6.299086214817308793e-01 -5.597579808651016453e-01 5.384107460302124393e-01 3.889743637787428793e-02
-7.756429849598232007e-01 4.890108970325247606e-01 -3.990567659695308800e-01 6.148104255958354303e-01
0.000000000000000000e+00 0.000000000000000000e+00 0.000000000000000000e+00 1.000000000000000000e+00
-4.533452250625757962e-02 -9.952924376737857237e-01 8.566063610844204534e-02 8.674445254526542970e-02
-6.323960448257150979e-01 9.497247180624890373e-02 7.688013215960305402e-01 -6.308388236869071075e-02
-7.733175438058557116e-01 -1.931820665549788263e-02 -6.337245326904220599e-01 6.741583676542443060e-01
0.000000000000000000e+00 0.000000000000000000e+00 0.000000000000000000e+00 1.000000000000000000e+00
-5.831445232241766474e-02 -2.681167874935418416e-01 9.616198900368478908e-01 -1.102268970505453083e-01
-6.818152210271454239e-01 7.142990536144829816e-01 1.578127573460353650e-01 -1.340862112848998366e-01
-7.291964269153005107e-01 -6.464443133554480525e-01 -2.244600648319472480e-01 8.103345004142229469e-01
0.000000000000000000e+00 0.000000000000000000e+00 0.000000000000000000e+00 1.000000000000000000e+00
7.188721534007402880e-03 -9.987590900958169815e-01 -4.928085057791325996e-02 3.480093976479384926e-02
-7.049999079816613445e-01 -4.001237494400966543e-02 7.080777779292253271e-01 6.693583341399271525e-02
-7.091709610725440704e-01 2.965282115273498720e-02 -7.044127044347853195e-01 5.986735188589541456e-01
0.000000000000000000e+00 0.000000000000000000e+00 0.000000000000000000e+00 1.000000000000000000e+00
4.434862020530005999e-02 -8.895818009700637852e-01 -4.546178826979243581e-01 -5.605101838618356536e-02
-7.487889096754509755e-01 -3.308410635363989716e-01 5.743338397005295359e-01 1.360893446821064695e-02
-6.613231952932963065e-01 3.149419153764103085e-01 -6.807813314905915014e-01 5.897837926445264056e-01
0.000000000000000000e+00 0.000000000000000000e+00 0.000000000000000000e+00 1.000000000000000000e+00
5.251281262825446827e-02 -2.783889612842698202e-01 9.590317986098975123e-01 -4.788334984572135966e-02
-8.005444471092872938e-01 5.623590648188674379e-01 2.070769673781573950e-01 -1.218929933502812396e-02
-5.969681672521203186e-01 -7.786217749659420928e-01 -1.933316808920109153e-01 6.209026872738516722e-01
0.000000000000000000e+00 0.000000000000000000e+00 0.000000000000000000e+00 1.000000000000000000e+00
2.787942976567037157e-02 -9.952151279072456447e-01 9.364607082256887205e-02 -5.094277063263721178e-02
-7.238474561840169130e-01 4.450998028726249611e-02 6.885228549806862164e-01 6.005781498239010779e-02
-6.893965459529578510e-01 -8.698109472403769971e-02 -7.191430258222207828e-01 6.172162932048350648e-01
0.000000000000000000e+00 0.000000000000000000e+00 0.000000000000000000e+00 1.000000000000000000e+00
-3.613539194632586771e-03 -9.712880424649602551e-01 2.378791308607678956e-01 2.445422127177046545e-01
-6.743901408654410234e-01 1.780112381950383904e-01 7.165960765869150428e-01 3.321614954804463088e-02
-7.383663590914604224e-01 -1.578338925606752041e-01 -6.556703303651658654e-01 5.718937138056801039e-01
0.000000000000000000e+00 0.000000000000000000e+00 0.000000000000000000e+00 1.000000000000000000e+00
-4.996128167384117358e-02 -8.795059869024532961e-01 4.732579522165990538e-01 3.872776647566063268e-02
-6.516485315815050416e-01 3.877988246524690652e-01 6.518943648213502140e-01 -1.400994321318929092e-01
-7.568738743153810011e-01 -2.758283716387876505e-01 -5.925037111933726397e-01 7.261702418812000515e-01
0.000000000000000000e+00 0.000000000000000000e+00 0.000000000000000000e+00 1.000000000000000000e+00
-1.376678259464182430e-01 -6.614644372349760548e-01 -7.372329129743210308e-01 3.389610873514992129e-02
-5.961382577428955276e-01 -5.390756221565919937e-01 5.949929842038039762e-01 -9.577977802879496239e-02
-7.909909906910769228e-01 5.214041348799407505e-01 -3.201108882491329188e-01 7.155269954070279104e-01
0.000000000000000000e+00 0.000000000000000000e+00 0.000000000000000000e+00 1.000000000000000000e+00
-5.249700158288544971e-02 -3.670063656549482634e-01 9.287359110067582302e-01 5.559463924112069411e-02
-6.301479868115186234e-01 7.336529990424913716e-01 2.542966608379839122e-01 -1.809026873642111122e-01
-7.746983797209058276e-01 -5.718912523939363446e-01 -2.697829051164999936e-01 7.514039990193783769e-01
0.000000000000000000e+00 0.000000000000000000e+00 0.000000000000000000e+00 1.000000000000000000e+00
-1.051697054742195547e-02 -1.427165000816839058e-01 9.897077315727808022e-01 -2.095098357321121055e-02
-7.062276749733682468e-01 7.017583404330204333e-01 9.368939499432782370e-02 -2.833054106702204492e-02
-7.079066777706050084e-01 -6.979736615640502739e-01 -1.081707138307659855e-01 6.879891000929327927e-01
0.000000000000000000e+00 0.000000000000000000e+00 0.000000000000000000e+00 1.000000000000000000e+00
-1.570495241892205796e-03 -1.266313028089520731e-01 9.919486109136915752e-01 -4.991376045927711086e-02
-7.202827450538418219e-01 6.882386815531321700e-01 8.671957329062596198e-02 -6.891588832026979139e-02
-6.936788166885284879e-01 -7.143472757440273435e-01 -9.229121797164169250e-02 6.957444446715654873e-01
0.000000000000000000e+00 0.000000000000000000e+00 0.000000000000000000e+00 1.000000000000000000e+00
3.059196063212543670e-02 -8.205232816506610183e-01 -5.707938999445529848e-01 -6.869537448304448291e-02
-7.439984535109923636e-01 -4.000436925072560213e-01 5.351928112917920810e-01 1.142701237343204945e-01
-6.674806612314203580e-01 4.082971814186204806e-01 -6.227061735101684370e-01 5.877080988621087299e-01
0.000000000000000000e+00 0.000000000000000000e+00 0.000000000000000000e+00 1.000000000000000000e+00
-1.028310805371357439e-02 -9.891888335223535389e-01 -1.462863948678778114e-01 2.073025269719001584e-01
-6.471817105447661422e-01 -1.049372117256047732e-01 7.550788138542927630e-01 2.904295348884520372e-02
-7.622664174847963992e-01 1.024384362919536495e-01 -6.391058406437492012e-01 5.926988606035926699e-01
0.000000000000000000e+00 0.000000000000000000e+00 0.000000000000000000e+00 1.000000000000000000e+00
-1.037241427260645610e-01 -9.943835807715282193e-01 -2.103797774826177136e-02 4.460998279181697945e-02
-6.008571583633399715e-01 4.579135041102133652e-02 7.980437503489812290e-01 -1.177082382871280086e-01
-7.925982446733497166e-01 9.541722339037322920e-02 -6.022321612311953842e-01 7.497670705230167210e-01
0.000000000000000000e+00 0.000000000000000000e+00 0.000000000000000000e+00 1.000000000000000000e+00
-9.092951064215015755e-02 -6.388027273460478161e-01 7.639783371468261697e-01 -1.706769270753013754e-02
-6.369754340571841533e-01 6.270109527553936468e-01 4.484635565265414625e-01 -1.377663109368779948e-01
-7.655025280833763768e-01 -4.458568611785890257e-01 -4.639154436294783967e-01 7.983836172141431931e-01
0.000000000000000000e+00 0.000000000000000000e+00 0.000000000000000000e+00 1.000000000000000000e+00
-3.506660668609551390e-02 -9.845197394615062825e-01 -1.717300664012277323e-01 1.944410058234581073e-01
-5.425931942152942833e-01 -1.255487720393487772e-01 8.305601311347995397e-01 -2.466063184951764256e-02
-8.392633428708573540e-01 1.223044907191027653e-01 -5.297911407934021710e-01 6.812407761352800017e-01
0.000000000000000000e+00 0.000000000000000000e+00 0.000000000000000000e+00 1.000000000000000000e+00
-6.315902121267202851e-02 -9.593765852043509845e-01 2.749681905259151460e-01 1.451860542803653231e-01
-5.920738963845755265e-01 2.578149353700101010e-01 7.635312438401880009e-01 -1.726901079716132437e-01
-8.034049036814776557e-01 -1.145776019202545126e-01 -5.843051718740468470e-01 7.311919970643949718e-01
0.000000000000000000e+00 0.000000000000000000e+00 0.000000000000000000e+00 1.000000000000000000e+00
-1.177540759976565266e-01 -5.734744020282497301e-01 -8.107164040552524709e-01 2.433603036292635718e-02
-6.085680382315475923e-01 -6.034535295325436088e-01 5.152560339653685650e-01 -8.913854794337296161e-02
-7.847158214468111792e-01 5.540495897598488595e-01 -2.779390790407125778e-01 7.208073925729266973e-01
0.000000000000000000e+00 0.000000000000000000e+00 0.000000000000000000e+00 1.000000000000000000e+00
1.804792227658447157e-02 1.459502459149046860e-01 -9.891272912112361038e-01 1.281806370465639056e-01
-6.825669455709523215e-01 -7.210935179690511898e-01 -1.188549669006660481e-01 1.024261510960421256e-01
-7.306001897860685546e-01 6.772906791477324440e-01 8.660657379301173187e-02 5.302256273087876393e-01
0.000000000000000000e+00 0.000000000000000000e+00 0.000000000000000000e+00 1.000000000000000000e+00
-3.077762359339608622e-02 -8.496936869212362575e-01 -5.263775985850260852e-01 5.578900899759491744e-02
-6.680245474005509498e-01 -3.742476830993596293e-01 6.431810598618792341e-01 1.834363722893257373e-02
-7.435024828177991818e-01 3.714287416193813862e-01 -5.560977863135321275e-01 6.186781643339368530e-01
0.000000000000000000e+00 0.000000000000000000e+00 0.000000000000000000e+00 1.000000000000000000e+00
-5.192359238237620467e-02 -9.894110827456095159e-01 1.355346815183102738e-01 5.142952256271503958e-02
-6.307926993207138011e-01 1.377100807507330993e-01 7.636337500027839953e-01 -4.017647207759918182e-02
-7.742121873477558758e-01 -4.584368004193817292e-02 -6.312636897227781319e-01 6.905246938820160940e-01
0.000000000000000000e+00 0.000000000000000000e+00 0.000000000000000000e+00 1.000000000000000000e+00
-1.174518153026242739e-01 -9.042002547696643688e-01 -4.106421439119372629e-01 4.148134662417264640e-02
-6.101857476228300659e-01 -2.605320562128852213e-01 7.481954297397531706e-01 -1.328944779819932198e-01
-7.835039403092278754e-01 3.384448950124082645e-01 -5.211301455106525093e-01 7.424740107899924224e-01
0.000000000000000000e+00 0.000000000000000000e+00 0.000000000000000000e+00 1.000000000000000000e+00
-2.520649544814124177e-03 -9.573751996806011411e-01 2.888362396971707602e-01 1.051835267313591671e-01
-6.970757059068609651e-01 2.087771058435100580e-01 6.859282617811132132e-01 5.631626815128407820e-02
-7.169931007759585695e-01 -1.996117409175549584e-01 -6.678892470518889013e-01 5.969118576524171660e-01
0.000000000000000000e+00 0.000000000000000000e+00 0.000000000000000000e+00 1.000000000000000000e+00
-7.252651325144843231e-02 -9.960276238683699601e-01 -5.166117852620016881e-02 -1.876662498886718516e-02
-6.451080895918445135e-01 7.344581117578852236e-03 7.640560253485129127e-01 -1.258608793685895011e-01
-7.606414777138752470e-01 8.874136363238788183e-02 -6.430781544741792644e-01 7.496073531849986038e-01
0.000000000000000000e+00 0.000000000000000000e+00 0.000000000000000000e+00 1.000000000000000000e+00
-7.260846883176041988e-02 -9.005339132563560112e-01 4.286801620428696835e-01 8.026147530185744061e-02
-6.176784127416256043e-01 3.780682637053327522e-01 6.895924640045166809e-01 -1.761132668237525567e-01
-7.830717647105487345e-01 -2.147162291351739916e-01 -5.836913159017173003e-01 7.498894174086628839e-01
0.000000000000000000e+00 0.000000000000000000e+00 0.000000000000000000e+00 1.000000000000000000e+00
1.781712392853886939e-01 -8.015724528053392861e-01 -5.707333987030561717e-01 2.170441888665199104e-01
-9.243364760374456202e-01 6.255567135837836190e-02 -3.764158166809415951e-01 -1.882856088766368119e-01
3.374271603741857417e-01 5.946161710587221094e-01 -7.297770348245266048e-01 6.440117462481522725e-01
0.000000000000000000e+00 0.000000000000000000e+00 0.000000000000000000e+00 1.000000000000000000e+00
-3.058795065057079432e-02 -7.224805665736167004e-01 6.907142739211808991e-01 2.116161374989599941e-01
-3.014233354844513824e-01 6.655343711623535885e-01 6.827942395970828526e-01 -2.423539746170581266e-01
-9.529996590242968413e-01 -1.873121238067537442e-01 -2.381298347006884364e-01 8.390896820237292442e-01
0.000000000000000000e+00 0.000000000000000000e+00 0.000000000000000000e+00 1.000000000000000000e+00
-3.638873120250241122e-03 -9.532235790019976118e-01 3.022442175411096388e-01 2.385133816269176810e-01
-6.274010692542622003e-01 2.375332644731201759e-01 7.415833375739719902e-01 -8.124323225180683783e-02
-7.786877788311715731e-01 -1.869298175876865087e-01 -5.989178461154842648e-01 6.412568568551855197e-01
0.000000000000000000e+00 0.000000000000000000e+00 0.000000000000000000e+00 1.000000000000000000e+00
3.196661097950559416e-02 -9.323990172278584510e-01 3.600141781305404853e-01 -2.632793939384953097e-02
-7.377104065704476188e-01 2.210171042418699328e-01 6.379144109284591302e-01 -2.106157109971559110e-02
-6.743600609616123842e-01 -2.859781675321771410e-01 -6.807752902939326889e-01 6.250275022505046296e-01
0.000000000000000000e+00 0.000000000000000000e+00 0.000000000000000000e+00 1.000000000000000000e+00
1.229474509618189160e-03 -9.897731383927510507e-01 -1.426450942324830606e-01 -2.982382036512903206e-02
-6.979210969941771481e-01 -1.030081076789587380e-01 7.087280664139414821e-01 -8.905400543026828486e-02
-7.161736037881278882e-01 9.868365755566532727e-02 -6.909102003651138579e-01 6.650936148260897518e-01
0.000000000000000000e+00 0.000000000000000000e+00 0.000000000000000000e+00 1.000000000000000000e+00
-2.003411932172316501e-02 -6.083151636446282318e-01 7.934426858589168630e-01 1.679086860855115437e-01
-6.041028639726770955e-01 6.397186702268065073e-01 4.752049586265439940e-01 -1.572777704649533925e-01
-7.966544820704971608e-01 -4.698006860821462016e-01 -3.803011327273856379e-01 7.178034963018677939e-01
0.000000000000000000e+00 0.000000000000000000e+00 0.000000000000000000e+00 1.000000000000000000e+00
-1.484084497795959967e-01 -9.514820836771650248e-01 2.695492097472699800e-01 1.142138806721349625e-01
-4.843284761136995575e-01 3.075725602362077149e-01 8.190391000526936471e-01 -1.249446198592778084e-01
-8.622069700828212113e-01 -8.998034846851465929e-03 -5.064762344962456808e-01 7.698207663104200682e-01
0.000000000000000000e+00 0.000000000000000000e+00 0.000000000000000000e+00 1.000000000000000000e+00
-8.525765198791068755e-02 -7.674596147390635448e-01 -6.354029213987580915e-01 1.666151435484247711e-01
-4.428653519549003992e-01 -5.420759827428363042e-01 7.141595822862354392e-01 -4.990408459978318279e-02
-8.925253009385057945e-01 3.422855075488244747e-01 -2.936651469048944252e-01 7.348889346306044512e-01
0.000000000000000000e+00 0.000000000000000000e+00 0.000000000000000000e+00 1.000000000000000000e+00
-5.404935660488791038e-02 -6.170829470900208724e-01 7.850396827303014469e-01 1.061067057384763729e-01
-5.713401267694956376e-01 6.638891928714147905e-01 4.825159055736488734e-01 -7.441212926258211624e-02
-8.189316983690486662e-01 -4.224449976023343378e-01 -3.884470329493447394e-01 7.290762051296773016e-01
0.000000000000000000e+00 0.000000000000000000e+00 0.000000000000000000e+00 1.000000000000000000e+00
2.535197521179877178e-02 -8.227112549908319750e-01 -5.678938882082377182e-01 -4.222359177684014558e-02
-7.361741417190486025e-01 -3.996879197916353155e-01 5.461659087098510446e-01 -3.525738389256134319e-03
-6.763171670282238646e-01 4.042224111600509762e-01 -6.157916302604902192e-01 5.922530862161083931e-01
0.000000000000000000e+00 0.000000000000000000e+00 0.000000000000000000e+00 1.000000000000000000e+00
-4.440280407841479260e-02 -9.968980709527476280e-01 6.498174451847521516e-02 1.640331748608245821e-01
-5.467060342683677243e-01 7.868938108552603339e-02 8.336189137723131193e-01 -6.712987059301918531e-03
-8.361464603073602841e-01 1.489105458757078448e-03 -5.485042201117549254e-01 6.681247714659083181e-01
0.000000000000000000e+00 0.000000000000000000e+00 0.000000000000000000e+00 1.000000000000000000e+00
-5.141857357760376557e-02 -6.404833810211267853e-01 7.662487643885568245e-01 6.244922821821976416e-02
-6.406392575686923330e-01 6.097474119508650148e-01 4.666791566816069770e-01 -1.520885762304234334e-01
-7.661184451199950507e-01 -4.668930629758458739e-01 -4.416711398676098077e-01 7.374006901393107549e-01
0.000000000000000000e+00 0.000000000000000000e+00 0.000000000000000000e+00 1.000000000000000000e+00
-3.154302807201736503e-02 -8.508504856080340017e-01 -5.244601877365154818e-01 1.520790330779671073e-01
-5.880782443776485513e-01 -4.084861595147678548e-01 6.980709390703629946e-01 6.022399189076009518e-02
-8.081887254037579682e-01 3.304428976774180793e-01 -4.874817694076369889e-01 6.324493621883665595e-01
0.000000000000000000e+00 0.000000000000000000e+00 0.000000000000000000e+00 1.000000000000000000e+00
-8.244192022455820723e-02 -7.587367537366160875e-01 -6.461593211576455165e-01 4.649664536579516116e-02
-6.002019695682678790e-01 -4.797942104479567815e-01 6.399649297789635760e-01 8.191308408026159310e-03
-7.955884146441924987e-01 4.405860349010661814e-01 -4.158401379545955123e-01 6.763774938777789014e-01
0.000000000000000000e+00 0.000000000000000000e+00 0.000000000000000000e+00 1.000000000000000000e+00
-6.812313392605717777e-02 -3.980860797499741754e-01 -9.148151243466570159e-01 7.650625190814260013e-02
-5.865794452088463062e-01 -7.257361214670876581e-01 3.594880199066313731e-01 -2.482455236274270366e-02
-8.070215567644859478e-01 5.611011986328363621e-01 -1.840696928074248007e-01 6.723723211391902099e-01
0.000000000000000000e+00 0.000000000000000000e+00 0.000000000000000000e+00 1.000000000000000000e+00
