-2.350075236311133242e-01 9.719900887400796385e-01 2.627852208514969146e-03 4.495490193367004395e-01
9.719729214045913501e-01 2.349838613797297082e-01 7.164702737015138378e-03 5.461607575416564941e-01
6.346516556478387638e-03 4.237959430897719759e-03 -9.999710214888466453e-01 2.059910893440246582e-01
0.000000000000000000e+00 0.000000000000000000e+00 0.000000000000000000e+00 1.000000000000000000e+00
-6.679692528443228472e-01 7.440227881331556992e-01 1.571611582754400827e-02 5.137254595756530762e-01
7.441766302202618144e-01 6.676889443372784338e-01 1.981369315757258720e-02 3.530441820621490479e-01
4.248363467882765310e-03 2.493050623416975808e-02 -9.996800565305079544e-01 2.900890409946441650e-01
0.000000000000000000e+00 0.000000000000000000e+00 0.000000000000000000e+00 1.000000000000000000e+00
-9.990225917412765000e-01 -4.418713129579276977e-02 1.296594369231398799e-03 2.519648671150207520e-01
-4.416214485995884065e-02 9.962901556233310085e-01 -7.386224589046398725e-02 4.935116171836853027e-01
1.971976287373286910e-03 -7.384730079335143083e-02 -9.972677723312273201e-01 2.559142708778381348e-01
0.000000000000000000e+00 0.000000000000000000e+00 0.000000000000000000e+00 1.000000000000000000e+00
-3.605681881633220343e-01 -9.165523468733383083e-01 -1.729816636781862371e-01 3.968146443367004395e-01
-8.736693037234388726e-01 3.968228244530092041e-01 -2.814848438964467903e-01 2.667683362960815430e-01
3.266386508962142443e-01 4.963431326190814730e-02 -9.438453395930039846e-01 2.119251489639282227e-01
0.000000000000000000e+00 0.000000000000000000e+00 0.000000000000000000e+00 1.000000000000000000e+00
-9.257653817446298561e-01 3.779490866731425314e-01 -1.062813847519683552e-02 2.988023161888122559e-01
3.768962896949101804e-01 9.202173666671552565e-01 -1.055897029735175519e-01 4.596899151802062988e-01
-3.012733407921908135e-02 -1.017569970211520403e-01 -9.943529902347165716e-01 2.545090913772583008e-01
0.000000000000000000e+00 0.000000000000000000e+00 0.000000000000000000e+00 1.000000000000000000e+00
-5.079301003528184921e-01 -8.568028254834183510e-01 -8.886025685555765108e-02 4.015819430351257324e-01
-8.336434608410405733e-01 5.149167934611583730e-01 -1.997482034998281364e-01 3.704474270343780518e-01
2.169004545909878345e-01 -2.738033688739527349e-02 -9.758098124903256121e-01 2.186973989009857178e-01
0.000000000000000000e+00 0.000000000000000000e+00 0.000000000000000000e+00 1.000000000000000000e+00
-9.556111174186026069e-01 -2.898010474721430807e-01 -5.313175980094175799e-02 4.731305241584777832e-01
-2.843119547890566867e-01 9.543317528343293610e-01 -9.174760744324883532e-02 4.145816862583160400e-01
7.729387672721355074e-02 -7.256902914869245436e-02 -9.943639354429212318e-01 2.146407067775726318e-01
0.000000000000000000e+00 0.000000000000000000e+00 0.000000000000000000e+00 1.000000000000000000e+00
-8.252295363153860919e-01 -5.601150455292311925e-01 -7.257771046964700545e-02 3.984586894512176514e-01
-5.456789636139647293e-01 8.238361659706637807e-01 -1.533898865127307776e-01 3.435435891151428223e-01
1.457081224723526525e-01 -8.697772351002419633e-02 -9.854969355587446245e-01 2.544336915016174316e-01
0.000000000000000000e+00 0.000000000000000000e+00 0.000000000000000000e+00 1.000000000000000000e+00
-1.167961362542588866e-01 9.922985328118170134e-01 -4.125941673611066562e-02 2.920727431774139404e-01
9.462035680520262115e-01 9.855585552498480340e-02 -3.081973323208728743e-01 3.080899715423583984e-01
-3.017573950966294660e-01 -7.503605549069902736e-02 -9.504273571237717988e-01 2.487762272357940674e-01
0.000000000000000000e+00 0.000000000000000000e+00 0.000000000000000000e+00 1.000000000000000000e+00
-6.580096562882720157e-01 7.522673379917498293e-01 -3.342691344338599713e-02 3.775720596313476562e-01
7.507230818050666388e-01 6.519079985949196576e-01 -1.069152036273404438e-01 4.358030259609222412e-01
-5.863753743676736185e-02 -9.544557879953893820e-02 -9.937062132058702701e-01 2.436489164829254150e-01
0.000000000000000000e+00 0.000000000000000000e+00 0.000000000000000000e+00 1.000000000000000000e+00
-9.943822548213347989e-01 -9.784022143097180491e-02 -4.039195020821195747e-02 4.232753813266754150e-01
-9.418039584102112782e-02 9.919810780161053554e-01 -8.428282774264184152e-02 3.919532597064971924e-01
4.831430026930783050e-02 -8.000520660185606037e-02 -9.956230123694655987e-01 2.573526501655578613e-01
0.000000000000000000e+00 0.000000000000000000e+00 0.000000000000000000e+00 1.000000000000000000e+00
-2.588454093697980518e-01 -9.648600992743838756e-01 -4.521279850653653343e-02 5.449061989784240723e-01
-9.641130602623688706e-01 2.609390360338958992e-01 -4.895831980030396213e-02 3.417473733425140381e-01
5.903571251451483759e-02 3.091761430584616388e-02 -9.977770946471551383e-01 2.245557010173797607e-01
0.000000000000000000e+00 0.000000000000000000e+00 0.000000000000000000e+00 1.000000000000000000e+00
-9.987914461147622269e-01 4.792278698804870729e-02 1.091816168833956158e-02 4.662081301212310791e-01
4.817951832425575176e-02 9.985354974629705449e-01 2.460882833922425558e-02 5.110812783241271973e-01
-9.722848419949775556e-03 2.510511711752830624e-02 -9.996376103254076551e-01 2.246622443199157715e-01
0.000000000000000000e+00 0.000000000000000000e+00 0.000000000000000000e+00 1.000000000000000000e+00
-8.825990772451717259e-01 4.676754917757249830e-01 4.794517690250788000e-02 5.373698472976684570e-01
4.700144324375344906e-01 8.800160514576618187e-01 6.825098948808738797e-02 4.338734149932861328e-01
-1.027321255991853199e-02 8.277317595703648223e-02 -9.965155861908954193e-01 2.746804654598236084e-01
0.000000000000000000e+00 0.000000000000000000e+00 0.000000000000000000e+00 1.000000000000000000e+00
-2.633004642077523272e-01 -9.629212528300115093e-01 5.878355239795318710e-02 4.661683440208435059e-01
-9.534323413648906342e-01 2.690293129671913475e-01 1.363451041328582747e-01 5.294474363327026367e-01
-1.471040979160829210e-01 -2.014640984935933687e-02 -9.889158075823232252e-01 2.884744703769683838e-01
0.000000000000000000e+00 0.000000000000000000e+00 0.000000000000000000e+00 1.000000000000000000e+00
-9.936266300529019713e-01 -1.086897109721335769e-01 2.988200346491755310e-02 5.480083227157592773e-01
-1.071886541788603237e-01 9.930825324613578031e-01 4.793409082394686771e-02 5.035085678100585938e-01
-3.488523781785023148e-02 4.442557120159248973e-02 -9.984035540797002728e-01 2.185524106025695801e-01
0.000000000000000000e+00 0.000000000000000000e+00 0.000000000000000000e+00 1.000000000000000000e+00
-9.696746989888400670e-01 -2.443991371800517676e-01 1.043677464043213376e-04 2.563307881355285645e-01
-2.443221486965559130e-01 9.693583590005494521e-01 -2.551585861792699667e-02 5.441173911094665527e-01
6.134884129163853395e-03 -2.476758224692637150e-02 -9.996743973068635825e-01 2.653379738330841064e-01
0.000000000000000000e+00 0.000000000000000000e+00 0.000000000000000000e+00 1.000000000000000000e+00
-8.656319235924172517e-01 -4.985746917316340454e-01 -4.588205502433884142e-02 4.602737724781036377e-01
-4.952153185463281648e-01 8.660827979990344261e-01 -6.828185803078756777e-02 3.404123187065124512e-01
7.378126107358862207e-02 -3.638544521898889883e-02 -9.966107436114910456e-01 2.769145369529724121e-01
0.000000000000000000e+00 0.000000000000000000e+00 0.000000000000000000e+00 1.000000000000000000e+00
-2.729666204607825719e-01 9.548153467508359027e-01 -1.175458886495965860e-01 4.602807760238647461e-01
9.565917956853252635e-01 2.564256692622163269e-01 -1.384850352518077754e-01 2.708564698696136475e-01
-1.020858401389117542e-01 -1.502452068128975471e-01 -9.833641774959360760e-01 2.606858611106872559e-01
0.000000000000000000e+00 0.000000000000000000e+00 0.000000000000000000e+00 1.000000000000000000e+00
-3.555866350232594897e-01 -9.332692019806001493e-01 -5.066308372714800612e-02 3.936535418033599854e-01
-9.264886671249785710e-01 3.591107691551567171e-01 -1.125087027903011183e-01 3.488363623619079590e-01
1.231945660621072136e-01 6.932182128985164837e-03 -9.923583290260538092e-01 2.853392064571380615e-01
0.000000000000000000e+00 0.000000000000000000e+00 0.000000000000000000e+00 1.000000000000000000e+00
-1.331834689067041833e-01 -9.910909542866392918e-01 -1.155123328627889745e-03 4.373947978019714355e-01
-9.910876711543408213e-01 1.331857425492412039e-01 -2.670312957990181313e-03 5.036438107490539551e-01
2.800368649097266516e-03 7.891873206684191233e-04 -9.999961649880120262e-01 2.436477541923522949e-01
0.000000000000000000e+00 0.000000000000000000e+00 0.000000000000000000e+00 1.000000000000000000e+00
-1.171623669560075687e-01 -9.930862059519096618e-01 7.285266569138332260e-03 4.625383615493774414e-01
-9.929866834973370970e-01 1.172610103818471083e-01 1.508459632878345058e-02 4.634596705436706543e-01
-1.583458107754640021e-02 -5.466827003332119794e-03 -9.998599556088336726e-01 2.662973999977111816e-01
0.000000000000000000e+00 0.000000000000000000e+00 0.000000000000000000e+00 1.000000000000000000e+00
-8.123451278169397938e-01 5.820097876183873975e-01 3.688144193354014888e-02 5.447037816047668457e-01
5.831591113365723889e-01 8.101957625362601334e-01 5.923092437991306358e-02 4.996300041675567627e-01
4.591786998181301982e-03 6.962369319534411627e-02 -9.975628911150877798e-01 2.045612335205078125e-01
0.000000000000000000e+00 0.000000000000000000e+00 0.000000000000000000e+00 1.000000000000000000e+00
-9.876903246279766790e-01 1.563269276785294870e-01 -5.496511653775432160e-03 2.961289882659912109e-01
1.563583981436718340e-01 9.856552437333334638e-01 -6.352791055902820561e-02 4.918642938137054443e-01
-4.513456293493728344e-03 -6.360531245613607054e-02 -9.979651761619265926e-01 2.548242211341857910e-01
0.000000000000000000e+00 0.000000000000000000e+00 0.000000000000000000e+00 1.000000000000000000e+00
-9.946548279323881303e-01 1.889958303623562319e-02 -1.015123308465913365e-01 4.759959876537322998e-01
3.119362447384077530e-02 9.921715523781110546e-01 -1.209238153872148197e-01 2.924282550811767578e-01
9.843223732617473187e-02 -1.234439836390281292e-01 -9.874577718624282241e-01 2.376773953437805176e-01
0.000000000000000000e+00 0.000000000000000000e+00 0.000000000000000000e+00 1.000000000000000000e+00
-6.218516213633131784e-01 -7.788759432768144197e-01 -8.156583333072742192e-02 4.971770346164703369e-01
-7.722080218005034080e-01 6.271779940926592856e-01 -1.016984335325774591e-01 3.323015272617340088e-01
1.303667566875716943e-01 -2.555399764434529430e-04 -9.914659040531095258e-01 2.237981259822845459e-01
0.000000000000000000e+00 0.000000000000000000e+00 0.000000000000000000e+00 1.000000000000000000e+00
-9.829279252258329436e-01 1.814004479396407465e-01 -3.076904969517502142e-02 3.130776584148406982e-01
1.838846821254931097e-01 9.628271296583743588e-01 -1.978644615168564103e-01 4.082063436508178711e-01
-6.267424626815842892e-03 -2.001444451865873886e-01 -9.797464382728779952e-01 2.274957895278930664e-01
0.000000000000000000e+00 0.000000000000000000e+00 0.000000000000000000e+00 1.000000000000000000e+00
-9.553028991596708153e-01 -2.895984976913377751e-01 -5.940962883105638248e-02 3.650052547454833984e-01
-2.791951570614185640e-01 9.498613278922943826e-01 -1.407605516294380132e-01 3.017036020755767822e-01
9.719494912994952607e-02 -1.178820544293918138e-01 -9.882597802413823906e-01 2.913037240505218506e-01
0.000000000000000000e+00 0.000000000000000000e+00 0.000000000000000000e+00 1.000000000000000000e+00
-5.664979029655672349e-01 8.164603145594448996e-01 -1.116821742241791426e-01 4.552652835845947266e-01
8.227871620332769531e-01 5.528624338949760242e-01 -1.317743528781234463e-01 2.651472985744476318e-01
-4.584363950618985939e-02 -1.665405321016917295e-01 -9.849684766394037894e-01 2.580892145633697510e-01
0.000000000000000000e+00 0.000000000000000000e+00 0.000000000000000000e+00 1.000000000000000000e+00
-1.845198097739864096e-03 9.999982639836606513e-01 1.542392290563299184e-04 2.580138444900512695e-01
9.990517680846220383e-01 1.850204154373091825e-03 -4.349825408067731214e-02 5.084504485130310059e-01
-4.349846488171227321e-02 7.382913641917898673e-05 -9.990534476871815173e-01 2.589271962642669678e-01
0.000000000000000000e+00 0.000000000000000000e+00 0.000000000000000000e+00 1.000000000000000000e+00
-1.874196124358764592e-01 9.820943009904468113e-01 -1.909900766933958494e-02 4.383321702480316162e-01
9.816041905392793865e-01 1.865340571379316970e-01 -4.072255691560400237e-02 4.317863583564758301e-01
-3.643077335981104170e-02 -2.637986899330968527e-02 -9.989880221311580044e-01 2.503493130207061768e-01
0.000000000000000000e+00 0.000000000000000000e+00 0.000000000000000000e+00 1.000000000000000000e+00
-9.877109867057018988e-01 -1.485222321306706172e-01 -4.866411145807103544e-02 4.592577517032623291e-01
-1.439312308747252578e-01 9.857410236028395500e-01 -8.716900521263545865e-02 4.036927521228790283e-01
6.091674613738740085e-02 -7.909349691218062195e-02 -9.950042268162420100e-01 2.288954704999923706e-01
0.000000000000000000e+00 0.000000000000000000e+00 0.000000000000000000e+00 1.000000000000000000e+00
-8.982988349370284453e-01 4.244598757830825297e-01 -1.135490429881016450e-01 4.718112349510192871e-01
4.363934344114742681e-01 8.919821950541523270e-01 -1.180192995161155611e-01 2.509374320507049561e-01
5.118927344534118795e-02 -1.555686295688383236e-01 -9.864980714864057809e-01 2.617623209953308105e-01
0.000000000000000000e+00 0.000000000000000000e+00 0.000000000000000000e+00 1.000000000000000000e+00
-9.513034030661713381e-01 -3.082524890527604811e-01 1.503812587887044805e-03 3.934277594089508057e-01
-3.082399280685645948e-01 9.512920462288700918e-01 5.620507424626778464e-03 5.439147949218750000e-01
-3.163100347415952196e-03 4.883272693793513225e-03 -9.999830859400522520e-01 2.335788607597351074e-01
0.000000000000000000e+00 0.000000000000000000e+00 0.000000000000000000e+00 1.000000000000000000e+00
-9.959984025955084253e-01 5.465942002313223247e-02 -7.070895923087669455e-02 5.337834358215332031e-01
5.924465124974936936e-02 9.961599850378544119e-01 -6.446205042160452203e-02 2.762353420257568359e-01
6.691397769580390009e-02 -6.839321932031511286e-02 -9.954120323558484085e-01 2.493281662464141846e-01
0.000000000000000000e+00 0.000000000000000000e+00 0.000000000000000000e+00 1.000000000000000000e+00
-8.903603066169116786e-01 -4.495663643045837432e-01 -7.175508961431997790e-02 4.256930351257324219e-01
-4.408295615384254518e-01 8.907328868384646325e-01 -1.107439959406812946e-01 2.983534932136535645e-01
1.137013916952662740e-01 -6.697028482116795800e-02 -9.912553499064102880e-01 2.807820737361907959e-01
0.000000000000000000e+00 0.000000000000000000e+00 0.000000000000000000e+00 1.000000000000000000e+00
-9.416856439941767576e-01 -3.364576395106586570e-01 4.947015034787893839e-03 2.571261227130889893e-01
-3.214603093339436501e-01 8.951709675465759908e-01 -3.087591489644441745e-01 2.547346949577331543e-01
9.945594836792825966e-02 -2.923443164510612369e-01 -9.511274276102175129e-01 2.947969138622283936e-01
0.000000000000000000e+00 0.000000000000000000e+00 0.000000000000000000e+00 1.000000000000000000e+00
-7.117704961956139442e-01 -7.018876998124548017e-01 -2.714663084035073837e-02 2.714959979057312012e-01
-6.120138471985163697e-01 6.386701163586785412e-01 -4.664114529979310753e-01 2.693602144718170166e-01
3.447061553718935301e-01 -3.153636781595996474e-01 -8.841515658974561376e-01 2.260724902153015137e-01
0.000000000000000000e+00 0.000000000000000000e+00 0.000000000000000000e+00 1.000000000000000000e+00
-9.491508159962180891e-01 -3.148224599753654540e-01 -2.833072280071791127e-04 2.609406113624572754e-01
-3.133635374210633207e-01 9.448378445104750334e-01 -9.531398681244140914e-02 4.276640415191650391e-01
3.027465908782212001e-02 -9.037854481116547323e-02 -9.954474920310190100e-01 2.955125272274017334e-01
0.000000000000000000e+00 0.000000000000000000e+00 0.000000000000000000e+00 1.000000000000000000e+00
-9.199845335127994073e-01 -3.902715442188137152e-01 3.628627404421047586e-02 5.151539444923400879e-01
-3.878162680078306446e-01 9.197791102176078315e-01 6.004111450626448132e-02 4.660374820232391357e-01
-5.680769472023561306e-02 4.116448634124347805e-02 -9.975362095160704712e-01 2.754771709442138672e-01
0.000000000000000000e+00 0.000000000000000000e+00 0.000000000000000000e+00 1.000000000000000000e+00
-9.894360055054320924e-01 1.449331715179927038e-01 3.277471833054896450e-03 5.310349464416503906e-01
1.449451645975549929e-01 9.894324803397579471e-01 3.777032671908426079e-03 3.427251279354095459e-01
-2.695419757301985991e-03 4.212185864023337487e-03 -9.999874834659223666e-01 2.902997136116027832e-01
0.000000000000000000e+00 0.000000000000000000e+00 0.000000000000000000e+00 1.000000000000000000e+00
-5.944106939672426648e-01 -8.039386979429814506e-01 -1.893067433279105316e-02 3.018133044242858887e-01
-7.942621520487882503e-01 5.906131432469158282e-01 -1.425612723977651708e-01 3.828665912151336670e-01
1.257912330163670767e-01 -6.970403513847700516e-02 -9.896048481244168471e-01 2.919310033321380615e-01
0.000000000000000000e+00 0.000000000000000000e+00 0.000000000000000000e+00 1.000000000000000000e+00
-9.484525866567494745e-01 -2.833272192154664415e-01 -1.419979899466823348e-01 4.096474945545196533e-01
-2.397606043073695625e-01 9.344907969182666418e-01 -2.631383758148344576e-01 3.245397210121154785e-01
2.072500782133315234e-01 -2.155287429925185627e-01 -9.542509196279755912e-01 2.120940983295440674e-01
0.000000000000000000e+00 0.000000000000000000e+00 0.000000000000000000e+00 1.000000000000000000e+00
-7.563970773487458388e-01 6.489384303743832572e-01 -8.211511674522364856e-02 3.294712901115417480e-01
6.362223644343842910e-01 7.007285383059205230e-01 -3.228013425667282110e-01 3.343296647071838379e-01
-1.519377563621744365e-01 -2.964093746030858068e-01 -9.428981775457234704e-01 2.221741974353790283e-01
0.000000000000000000e+00 0.000000000000000000e+00 0.000000000000000000e+00 1.000000000000000000e+00
-5.997688652191985881e-01 -7.986097272285856974e-01 -4.999886963131139339e-02 3.687620759010314941e-01
-7.819175276825962584e-01 5.982110707304535424e-01 -1.753525409386380574e-01 4.411803483963012695e-01
1.699481194107814730e-01 -6.607599629808369457e-02 -9.832353189813378691e-01 2.212824821472167969e-01
0.000000000000000000e+00 0.000000000000000000e+00 0.000000000000000000e+00 1.000000000000000000e+00
-8.137201622398932965e-01 5.804195712529327533e-01 3.118586691572144964e-02 5.200756192207336426e-01
5.812564490466478606e-01 8.124910074847905284e-01 4.471349835910864989e-02 4.129419624805450439e-01
6.143536482114964059e-04 5.451126305994047350e-02 -9.985129333272766416e-01 2.846835255622863770e-01
0.000000000000000000e+00 0.000000000000000000e+00 0.000000000000000000e+00 1.000000000000000000e+00
-9.969512656830237241e-01 -6.565960184677022138e-02 -4.215748968894789117e-02 3.460080325603485107e-01
-5.650143339372803997e-02 9.800946389734332964e-01 -1.903210164577553432e-01 4.513205885887145996e-01
5.381473103160744342e-02 -1.873587947398858145e-01 -9.808164548109699066e-01 2.160111665725708008e-01
0.000000000000000000e+00 0.000000000000000000e+00 0.000000000000000000e+00 1.000000000000000000e+00
-6.271580749635816687e-01 -7.773673212054235115e-01 -4.871362026330494643e-02 4.132853448390960693e-01
-7.713797944188285349e-01 6.285585017749522052e-01 -9.943577223374711060e-02 3.624833524227142334e-01
1.079174760621253171e-01 -2.478523671986443411e-02 -9.938509847153529364e-01 2.777973711490631104e-01
0.000000000000000000e+00 0.000000000000000000e+00 0.000000000000000000e+00 1.000000000000000000e+00
-8.387749040895333685e-01 5.436094516512819386e-01 -3.075618797551588068e-02 3.423994183540344238e-01
5.415334379382377161e-01 8.270376549136169153e-01 -1.508320315642044385e-01 4.679015874862670898e-01
-5.655718007632198896e-02 -1.431695855493928526e-01 -9.880811282639641036e-01 2.141771912574768066e-01
0.000000000000000000e+00 0.000000000000000000e+00 0.000000000000000000e+00 1.000000000000000000e+00
-7.503591218763867587e-01 6.565256668126092654e-01 -7.703932884881048437e-02 4.456148147583007812e-01
6.601020431081853213e-01 7.380253915838171919e-01 -1.399420855017772247e-01 3.838478028774261475e-01
-3.501859588298650294e-02 -1.558606538753317672e-01 -9.871580174811072084e-01 2.182279080152511597e-01
0.000000000000000000e+00 0.000000000000000000e+00 0.000000000000000000e+00 1.000000000000000000e+00
-3.900720929066321396e-01 9.182835094803892817e-01 -6.782038446314020419e-02 3.787519931793212891e-01
9.119554792130911691e-01 3.751067242266361568e-01 -1.662298104033075319e-01 3.444267511367797852e-01
-1.272061801390544922e-01 -1.266907342700251959e-01 -9.837523479313645680e-01 2.555528283119201660e-01
0.000000000000000000e+00 0.000000000000000000e+00 0.000000000000000000e+00 1.000000000000000000e+00
