-1.918082736032378222e-02 -9.739387402835870677e-01 2.259987301658869518e-01 2.557131406997615319e-01
-7.610196792148919975e-01 1.608235247642698651e-01 6.284781951110631759e-01 4.003633984990941086e-02
-6.484451740196981451e-01 -1.599347493736627546e-01 -7.442712759695532254e-01 6.710653469930264459e-01
0.000000000000000000e+00 0.000000000000000000e+00 0.000000000000000000e+00 1.000000000000000000e+00
6.698008089051898928e-02 -9.723148419892648775e-01 -2.238694191069665052e-01 2.388650514265610314e-01
-7.545504667375606545e-01 -1.961660001861591507e-01 6.262367711314096308e-01 -4.809470631307476152e-02
-6.528148756807163888e-01 1.269753850884290380e-01 -7.467998323992955934e-01 7.672083930378287286e-01
0.000000000000000000e+00 0.000000000000000000e+00 0.000000000000000000e+00 1.000000000000000000e+00
1.154766369372022261e-01 -6.999297926568834871e-01 -7.048144661348585416e-01 3.322573197589936966e-02
-7.183599555117066160e-01 -5.488984806951973106e-01 4.273984466604002219e-01 8.600045999137767572e-02
-6.860204957863085262e-01 4.569559532841169225e-01 -5.661864852849380902e-01 6.101710816123123715e-01
0.000000000000000000e+00 0.000000000000000000e+00 0.000000000000000000e+00 1.000000000000000000e+00
-2.760239363844541050e-02 -7.614910190846579940e-01 6.475874734109958730e-01 4.078063355219768704e-02
-7.780843456025285931e-01 4.230723795676077925e-01 4.643215618246548382e-01 -8.253123748581668237e-03
-6.275530726510014645e-01 -4.910612889450878815e-01 -6.041820516250676620e-01 6.062711652910511839e-01
0.000000000000000000e+00 0.000000000000000000e+00 0.000000000000000000e+00 1.000000000000000000e+00
4.867140827147498072e-02 -9.979159339658307815e-01 -4.236605662526116145e-02 9.399019151798729266e-02
-7.417594055047815882e-01 -6.451862959291587707e-02 6.675554889150749904e-01 -1.454703667513312579e-02
-6.688976591094216717e-01 -1.065444768914236562e-03 -7.433537424842766583e-01 6.468674555939368798e-01
0.000000000000000000e+00 0.000000000000000000e+00 0.000000000000000000e+00 1.000000000000000000e+00
-5.957322784859320208e-02 -9.969051524104567408e-01 -5.129471338436109029e-02 1.496430177683686358e-01
-7.732379698156567338e-01 1.358700282010383287e-02 6.339703742208526727e-01 2.827349002447066689e-02
-6.313113911209436990e-01 7.743068159231603076e-02 -7.716543377634108580e-01 5.684092582271333960e-01
0.000000000000000000e+00 0.000000000000000000e+00 0.000000000000000000e+00 1.000000000000000000e+00
9.839562078419800129e-02 -3.973879628584820467e-01 9.123601858836662970e-01 9.384829656158663602e-02
-7.567535713052266910e-01 5.655000811833283958e-01 3.279232997187518928e-01 -1.349080632862628137e-01
-6.462525312347160433e-01 -7.226980456295940547e-01 -2.450820285453170488e-01 8.242402537420995268e-01
0.000000000000000000e+00 0.000000000000000000e+00 0.000000000000000000e+00 1.000000000000000000e+00
1.808500110239485981e-02 -7.680663414444334203e-01 -6.401148552215365495e-01 4.681329075344194124e-02
-7.520261272286071774e-01 -4.323495821147433915e-01 4.975244142861222074e-01 1.290668553681281749e-01
-6.588851468204972583e-01 4.723853659729197463e-01 -5.854249988802682214e-01 5.320102615337868324e-01
0.000000000000000000e+00 0.000000000000000000e+00 0.000000000000000000e+00 1.000000000000000000e+00
2.995680849831319215e-01 -9.506043710398024427e-01 8.130370360297645149e-02 -3.882412286514039246e-02
-6.982200367864865864e-01 -1.603606633684568905e-01 6.976913629061963773e-01 -6.911322034732361730e-02
-6.501905433712616977e-01 -2.657739404156284069e-01 -7.117699557487190409e-01 7.772720305626249493e-01
0.000000000000000000e+00 0.000000000000000000e+00 0.000000000000000000e+00 1.000000000000000000e+00
9.972615862217737437e-02 -7.673320254562437936e-01 6.334479110358497422e-01 1.051056694717925066e-01
-7.410051829390914557e-01 3.675946531382902061e-01 5.619479422878447261e-01 -5.872767205390871242e-02
-6.640527178950983433e-01 -5.254290948295093910e-01 -5.319382052106945702e-01 7.496700609668902615e-01
0.000000000000000000e+00 0.000000000000000000e+00 0.000000000000000000e+00 1.000000000000000000e+00
-5.127593657929030435e-02 -8.265209676745883804e-01 -5.605656681622399606e-01 2.422596823625549345e-01
-7.744446512009066641e-01 -3.214942642015490293e-01 5.448641301387076030e-01 -2.029392936320174520e-02
-6.305602751158865260e-01 4.620655019364316995e-01 -6.236098230191782221e-01 6.484305731236412740e-01
0.000000000000000000e+00 0.000000000000000000e+00 0.000000000000000000e+00 1.000000000000000000e+00
1.203569747963888492e-01 -9.306906827804379834e-01 -3.454403734417040295e-01 1.580029204401499077e-01
-7.453539244087030724e-01 -3.145578479306315733e-01 5.877932354780848190e-01 -7.549290147817632433e-03
-6.557146681189975901e-01 1.867303223660582989e-01 -7.315531837964078798e-01 7.299441991060754420e-01
0.000000000000000000e+00 0.000000000000000000e+00 0.000000000000000000e+00 1.000000000000000000e+00
-7.619893431094926228e-02 -4.867040230926973354e-01 8.702372758709308043e-01 1.035778104677546607e-01
-8.023827494989916875e-01 5.480551128837753971e-01 2.362573100422293015e-01 9.459042581471814246e-03
-5.919253717457241271e-01 -6.802608228814407410e-01 -4.322841277867500720e-01 6.140318307613216176e-01
0.000000000000000000e+00 0.000000000000000000e+00 0.000000000000000000e+00 1.000000000000000000e+00
1.477918905968333974e-01 -8.487570442831219308e-01 -5.077095989378107577e-01 -3.207040576859414988e-02
-6.874359421629084865e-01 -4.572243947736970293e-01 5.642496595004918847e-01 4.574723604912067643e-02
-7.110480873305323746e-01 2.656263025447691550e-01 -6.510401561347705091e-01 6.325704871053705602e-01
0.000000000000000000e+00 0.000000000000000000e+00 0.000000000000000000e+00 1.000000000000000000e+00
-1.310036824974504244e-01 -7.054887574503938552e-01 -6.965081824955151601e-01 2.314949717624685821e-01
-8.047999069229041513e-01 -3.345756232132979235e-01 4.902614222721564108e-01 1.002698345691293846e-01
-5.789085808562449698e-01 6.247757721475217796e-01 -5.239466476164114095e-01 4.883437844667233296e-01
0.000000000000000000e+00 0.000000000000000000e+00 0.000000000000000000e+00 1.000000000000000000e+00
1.228894561928484119e-02 -9.225714031709801866e-01 -3.856306365768870648e-01 1.406701882039604612e-01
-7.588067778884208803e-01 -2.597647637348171612e-01 5.972725854686345981e-01 3.228076330708800051e-03
-6.511998584506595300e-01 2.852792904732545098e-01 -7.032456688675141621e-01 6.051440737154158978e-01
0.000000000000000000e+00 0.000000000000000000e+00 0.000000000000000000e+00 1.000000000000000000e+00
3.600428989411742497e-01 -9.115753832202067031e-01 -1.984929007016836833e-01 -9.793132993877988468e-02
-6.081809769570651891e-01 -3.906762350961877628e-01 6.910050496187547520e-01 -1.517388088151203421e-02
-7.074496520527696619e-01 -1.280718549799347850e-01 -6.950630113683318179e-01 7.477427278498025576e-01
0.000000000000000000e+00 0.000000000000000000e+00 0.000000000000000000e+00 1.000000000000000000e+00
1.455917638512072010e-01 -9.124033236929713908e-01 -3.825221734915676963e-01 1.457011868291654133e-01
-7.351284070730053077e-01 -3.585245636392794255e-01 5.753662854057144393e-01 1.865328630794593767e-02
-6.621097064784656760e-01 1.974343237162248244e-01 -7.229318255587569020e-01 7.111926373837562654e-01
0.000000000000000000e+00 0.000000000000000000e+00 0.000000000000000000e+00 1.000000000000000000e+00
1.303823748047518993e-01 -9.619507458590550453e-01 2.401066406442799173e-01 -4.736355665942017235e-02
-6.743754173542491070e-01 9.148020081280738847e-02 7.326999176521935553e-01 -2.657958096498917559e-03
-7.267862359790229210e-01 -2.574531712767519909e-01 -6.367885298833416696e-01 6.543396454506485993e-01
0.000000000000000000e+00 0.000000000000000000e+00 0.000000000000000000e+00 1.000000000000000000e+00
2.147193935027534861e-01 -6.588002081596412429e-01 -7.210255666636405936e-01 -4.264550753004050371e-02
-7.178440236702093857e-01 -6.070418310752376811e-01 3.408814647436655410e-01 -1.405515370953018713e-02
-6.622654601704475175e-01 4.443900325768302961e-01 -6.032594460193634323e-01 6.807701433701139893e-01
0.000000000000000000e+00 0.000000000000000000e+00 0.000000000000000000e+00 1.000000000000000000e+00
2.203520472861043578e-01 -9.165390368201824511e-01 -3.337681369477233373e-01 -7.177105960232597892e-02
-6.162318763133103339e-01 -3.960508493738370550e-01 6.807363655084390786e-01 6.612387234765464139e-02
-7.561106069036455102e-01 5.567691348300701781e-02 -6.520711858630210411e-01 6.844931751937348707e-01
0.000000000000000000e+00 0.000000000000000000e+00 0.000000000000000000e+00 1.000000000000000000e+00
-1.011008569805917912e-01 -1.678312079105700461e-01 -9.806178166692002263e-01 1.833010612483724211e-01
-7.699262358435303710e-01 -6.110426690942698524e-01 1.839577340205164058e-01 -7.854884198121524219e-02
-6.300731767640982417e-01 7.736016689469004115e-01 -6.744071266651918695e-02 6.771013110917140088e-01
0.000000000000000000e+00 0.000000000000000000e+00 0.000000000000000000e+00 1.000000000000000000e+00
1.058954854631178888e-01 -9.755404368083400168e-01 -1.926317790768792282e-01 -1.070637472075796834e-02
-7.084667261959121110e-01 -2.099524128263523526e-01 6.737914233808852682e-01 3.110665350185928824e-02
-6.977542862869257068e-01 6.512173600408682761e-02 -7.133709522177342777e-01 6.488641398175932773e-01
0.000000000000000000e+00 0.000000000000000000e+00 0.000000000000000000e+00 1.000000000000000000e+00
-1.077515992946742607e-02 -9.997923666033581291e-01 -1.729507473676922258e-02 1.458656735689990436e-01
-7.531130674359305388e-01 -3.263899770964862057e-03 6.578830098243366731e-01 -7.942741615743621753e-02
-6.578028607308861186e-01 2.011394143227840381e-02 -7.529215269696578616e-01 6.970550980948865272e-01
0.000000000000000000e+00 0.000000000000000000e+00 0.000000000000000000e+00 1.000000000000000000e+00
-1.642884632296301994e-01 -9.858957595539755703e-01 -3.191946339048329362e-02 1.811488994811094322e-01
-8.138254356015081070e-01 1.171873453055283232e-01 5.691707006410807734e-01 4.524177308765152394e-02
-5.574024230460989937e-01 1.194850509215815981e-01 -8.215995748468988280e-01 4.939441459327018058e-01
0.000000000000000000e+00 0.000000000000000000e+00 0.000000000000000000e+00 1.000000000000000000e+00
-7.033954127789193711e-02 -6.018486473162849570e-01 7.955064768161058675e-01 1.817569278095291785e-01
-7.921575143806816044e-01 5.183753882225613507e-01 3.221388354348618810e-01 7.002481527871334821e-02
-6.062498011076257187e-01 -6.075073354360973621e-01 -5.132212155087679806e-01 6.489947524397039480e-01
0.000000000000000000e+00 0.000000000000000000e+00 0.000000000000000000e+00 1.000000000000000000e+00
-1.007328861108273133e-01 2.022260841362366612e-03 -9.949114513949834926e-01 1.665791538748022937e-01
-7.996248673034644927e-01 -5.951805552298499169e-01 7.975072580362085883e-02 1.428372709572577615e-01
-5.919906732759392387e-01 8.035894580800428955e-01 6.157130514227504570e-02 5.219992212568097534e-01
0.000000000000000000e+00 0.000000000000000000e+00 0.000000000000000000e+00 1.000000000000000000e+00
-4.385302327385098842e-03 -9.689647146714289727e-01 2.471601724493922014e-01 1.767314079504797020e-01
-7.591873738103699365e-01 1.640951139887167898e-01 6.298470647799696565e-01 7.164540819500851698e-02
-6.508573580827143878e-01 -1.848788124332960137e-01 -7.363453837316040751e-01 6.359013779791460319e-01
0.000000000000000000e+00 0.000000000000000000e+00 0.000000000000000000e+00 1.000000000000000000e+00
1.469215551116277441e-01 -7.475701923351627531e-01 -6.477290051985850061e-01 7.948693396111962406e-02
-7.588498865597801402e-01 -5.052224299366738780e-01 4.109709794585152398e-01 -3.287770398069478350e-02
-6.344768761048659167e-01 4.311485867086315427e-01 -6.415216207325831199e-01 7.154796573607833388e-01
0.000000000000000000e+00 0.000000000000000000e+00 0.000000000000000000e+00 1.000000000000000000e+00
-1.213699436785243835e-01 -7.877590792524690189e-01 -6.039080806105959764e-01 2.419742879005634395e-01
-7.905157987067285008e-01 -2.912316140439967782e-01 5.387661078579382146e-01 4.242203900302504715e-02
-6.002950181090417336e-01 5.427888908559483916e-01 -5.873892331298168346e-01 5.523459955848873948e-01
0.000000000000000000e+00 0.000000000000000000e+00 0.000000000000000000e+00 1.000000000000000000e+00
1.110030832612423357e-01 -4.310364607524541647e-02 9.928848831569133671e-01 -1.123682472029322865e-01
-6.881539784250317870e-01 7.174694636797558367e-01 1.080817776726669677e-01 -3.675634035930926136e-02
-7.170233033063139194e-01 -6.952550930285250619e-01 4.997937708293814785e-02 6.886601803019735124e-01
0.000000000000000000e+00 0.000000000000000000e+00 0.000000000000000000e+00 1.000000000000000000e+00
1.229480584639109919e-01 -8.372675554098262252e-01 5.327915310682108663e-01 -6.497680091545332548e-02
-6.845044115084711889e-01 3.171773763561892556e-01 6.563933443852441041e-01 -2.545509665767882804e-02
-7.185662708097256823e-01 -4.454004407113421604e-01 -5.341169926792687095e-01 6.809903007047983792e-01
0.000000000000000000e+00 0.000000000000000000e+00 0.000000000000000000e+00 1.000000000000000000e+00
3.534298306541472368e-02 -9.993730095714808970e-01 2.112176147585520525e-03 2.128159858801210447e-01
-7.615113892963268905e-01 -2.556216626480045662e-02 6.476472648192290738e-01 -1.000920950026458617e-01
-6.471872043852658907e-01 -2.449823250545463127e-02 -7.619373721534419275e-01 7.659124748369957603e-01
0.000000000000000000e+00 0.000000000000000000e+00 0.000000000000000000e+00 1.000000000000000000e+00
3.107178984416503198e-02 -9.832496429567354479e-01 1.795958894332846389e-01 1.332193762166679618e-01
-7.492018966312186112e-01 9.602647797840024868e-02 6.553437522485803246e-01 3.607360594049086391e-03
-6.616124711340204412e-01 -1.549162843361418518e-01 -7.336687828219343732e-01 6.555832166843259534e-01
0.000000000000000000e+00 0.000000000000000000e+00 0.000000000000000000e+00 1.000000000000000000e+00
1.314599691044197050e-01 -3.058543059888418902e-02 -9.908495385062989769e-01 8.674330373833323560e-02
-7.505107973524536291e-01 -6.560805215917175914e-01 -7.932144883525532597e-02 4.963161118836640490e-02
-6.476510013737717397e-01 7.540708724138736052e-01 -1.092030210045955574e-01 6.937513839299570551e-01
0.000000000000000000e+00 0.000000000000000000e+00 0.000000000000000000e+00 1.000000000000000000e+00
1.021188049595742053e-01 -4.550156977639784328e-01 8.846086504562277186e-01 -1.170193632152410762e-01
-6.905348306832309602e-01 6.076784706277146286e-01 3.922862780532140881e-01 -4.726776892375150751e-02
-7.160540463449042159e-01 -6.509128905805459109e-01 -2.521487885934970974e-01 6.946486685608467271e-01
0.000000000000000000e+00 0.000000000000000000e+00 0.000000000000000000e+00 1.000000000000000000e+00
1.175369382820007358e-01 -8.041697922165620405e-01 -5.826628642926066082e-01 -5.197114267364309759e-02
-6.892220842181995266e-01 -4.884698536180894779e-01 5.351356096656652017e-01 6.528952772787836867e-02
-7.149531360622274345e-01 3.386859125985220431e-01 -6.116648312941428411e-01 5.993984807082211042e-01
0.000000000000000000e+00 0.000000000000000000e+00 0.000000000000000000e+00 1.000000000000000000e+00
5.531903757475520322e-02 -6.592883363795798424e-02 9.962897133750511225e-01 -1.222058701299972711e-01
-7.280895301862903013e-01 6.801371352883623933e-01 8.543484789503424937e-02 1.975577409123402211e-04
-6.832462514459264336e-01 -7.301142829015736524e-01 -1.037756176618756521e-02 6.594621489516786506e-01
0.000000000000000000e+00 0.000000000000000000e+00 0.000000000000000000e+00 1.000000000000000000e+00
1.818876392149751942e-01 -9.737502570029789029e-01 1.368478121397467273e-01 4.028071649619101302e-02
-6.736923356182710210e-01 -2.202728692818722855e-02 7.386835828416535854e-01 2.662667436000796736e-02
-7.162789426124447356e-01 -2.265507351946045023e-01 -6.600145761669073963e-01 7.086737108085147119e-01
0.000000000000000000e+00 0.000000000000000000e+00 0.000000000000000000e+00 1.000000000000000000e+00
1.889936178873817818e-01 -9.754242655211670110e-01 -1.132647987255082644e-01 1.250546675364906102e-01
-7.290704450286994431e-01 -2.166505898728814383e-01 6.492447982798064121e-01 -2.866329211113270020e-02
-6.578280159612330813e-01 -4.012510610857161764e-02 -7.520985821528209936e-01 7.562402456712379317e-01
0.000000000000000000e+00 0.000000000000000000e+00 0.000000000000000000e+00 1.000000000000000000e+00
1.930959075115267209e-01 -9.183237222487511398e-01 -3.455365561811061803e-01 3.136067591002224958e-02
-6.684910341738253825e-01 -3.809123416860387135e-01 6.387687572044111750e-01 8.061189838579140010e-02
-7.182156415252383130e-01 1.076444569239738969e-01 -6.874437890926305972e-01 6.669139208847998379e-01
0.000000000000000000e+00 0.000000000000000000e+00 0.000000000000000000e+00 1.000000000000000000e+00
-1.672638055722225348e-02 -1.594396938312556133e-01 9.870659614354302391e-01 -3.322097064227814284e-02
-7.755033593606177611e-01 6.252019428891603114e-01 8.784685667691954913e-02 -1.922054724044646237e-02
-6.311218327817944562e-01 -7.640036090481601150e-01 -1.341033838034459691e-01 6.279329709050882613e-01
0.000000000000000000e+00 0.000000000000000000e+00 0.000000000000000000e+00 1.000000000000000000e+00
3.164502667916564427e-01 -6.508332721809554355e-01 6.901270031448701880e-01 -4.603778132366719011e-02
-6.749842836228635568e-01 3.566885967402750879e-01 6.458865703957492599e-01 -8.289626701048652402e-02
-6.665249023927156680e-01 -6.702158583454167484e-01 -3.264280283809847805e-01 8.159916635966526499e-01
0.000000000000000000e+00 0.000000000000000000e+00 0.000000000000000000e+00 1.000000000000000000e+00
-5.507337877352325162e-02 -6.002227923240168739e-01 7.979345352378404144e-01 8.979372521388656603e-02
-7.906176677962679644e-01 5.142979052431044806e-01 3.322971080688862378e-01 -7.523557260393971304e-03
-6.098283580802539294e-01 -6.125604168058161880e-01 -5.028708675632608260e-01 6.165394207368434243e-01
0.000000000000000000e+00 0.000000000000000000e+00 0.000000000000000000e+00 1.000000000000000000e+00
4.253429203029168715e-02 -9.915667050389214143e-01 1.224185584776179003e-01 1.563042969236093926e-01
-7.436416475015759087e-01 5.040827984333429157e-02 6.666754123442513169e-01 -1.424575562598297783e-02
-6.672240509024109922e-01 -1.193921051891295160e-01 -7.352262176472520450e-01 6.662341142306053010e-01
0.000000000000000000e+00 0.000000000000000000e+00 0.000000000000000000e+00 1.000000000000000000e+00
8.683497230987147208e-02 -5.561526618353188622e-01 -8.265312482401576677e-01 -1.012449168725449433e-01
-6.949735448683699301e-01 -6.282553836519018109e-01 3.497240981766820966e-01 1.250890111324985399e-01
-7.137726945723237293e-01 5.440490691526740363e-01 -4.410659257266120736e-01 5.415199426586445597e-01
0.000000000000000000e+00 0.000000000000000000e+00 0.000000000000000000e+00 1.000000000000000000e+00
-7.510918357263951517e-02 -5.621768402914513185e-01 -8.235993023205953056e-01 2.171044469977788660e-01
-7.925899725864289369e-01 -4.675400320612796978e-01 3.914172374533105847e-01 1.123711449884942509e-01
-6.051113499997294864e-01 6.821755775898589169e-01 -4.104591763396783222e-01 5.327046322757782448e-01
0.000000000000000000e+00 0.000000000000000000e+00 0.000000000000000000e+00 1.000000000000000000e+00
8.377839932325736871e-02 -9.962750076129162080e-01 -2.042765313776151448e-02 8.787556020674992807e-02
-7.325199082475016832e-01 -7.547078473468360471e-02 6.765491443144415751e-01 -1.266448947273773537e-02
-6.755706949149768992e-01 -4.171654177199840552e-02 -7.361140987066342456e-01 6.682078856617670315e-01
0.000000000000000000e+00 0.000000000000000000e+00 0.000000000000000000e+00 1.000000000000000000e+00
1.499324160803810480e-01 -5.543834285252897676e-01 8.186447854746555786e-01 1.087900739870911043e-01
-7.432139716724854850e-01 4.828660440928514430e-01 4.631127031003697270e-01 -6.955415317899822647e-02
-6.520377772177851083e-01 -6.778638488949431107e-01 -3.396282371096729369e-01 8.090295604003175933e-01
0.000000000000000000e+00 0.000000000000000000e+00 0.000000000000000000e+00 1.000000000000000000e+00
1.324702174096868967e-01 -6.761746547840923327e-01 7.247340738002066018e-01 3.719120340047180062e-02
-7.111615365956236445e-01 4.444810288920538754e-01 5.446887953887172840e-01 -9.516431051731963006e-03
-6.904353049825748823e-01 -5.875580406927251031e-01 -4.219889079714589375e-01 7.260225163081375221e-01
0.000000000000000000e+00 0.000000000000000000e+00 0.000000000000000000e+00 1.000000000000000000e+00
7.405538691032897969e-02 -9.570300624290782876e-01 2.803734282640849007e-01 2.127228288104203793e-02
-7.196007551437250127e-01 1.433634131725831651e-01 6.794274685057176688e-01 1.788610235224393288e-02
-6.904278042388951597e-01 -2.520721947587668543e-01 -6.780627225879299891e-01 6.385323138132361631e-01
0.000000000000000000e+00 0.000000000000000000e+00 0.000000000000000000e+00 1.000000000000000000e+00
1.576323323767074847e-01 -9.208327511056728643e-01 3.566778550465915520e-01 1.808422700759772933e-02
-7.108723837054293782e-01 1.448922445682399029e-01 6.882344742520082326e-01 -4.925239866688681939e-02
-6.854286993367290082e-01 -3.620404424303113045e-01 -6.317548703179300951e-01 7.251254769808406220e-01
0.000000000000000000e+00 0.000000000000000000e+00 0.000000000000000000e+00 1.000000000000000000e+00
-7.716896082762114695e-02 -8.005289197621517916e-01 -5.943049723073388080e-01 1.661452064774693593e-01
-7.883276231381121102e-01 -3.159437231488817499e-01 5.279385593042401625e-01 7.944363910568068288e-02
-6.103970102172837642e-01 5.092474962405456607e-01 -6.066980117740095046e-01 5.285377044346721842e-01
0.000000000000000000e+00 0.000000000000000000e+00 0.000000000000000000e+00 1.000000000000000000e+00
