-2.350025189008055904e-01 9.719912199724393131e-01 2.621101487670612906e-03 4.495492279529571533e-01
9.719741389605173199e-01 2.349791290481570982e-01 7.146557678103779288e-03 5.461609363555908203e-01
6.330487223008635089e-03 4.227101982973394123e-03 -9.999710163250270512e-01 2.059913277626037598e-01
0.000000000000000000e+00 0.000000000000000000e+00 0.000000000000000000e+00 1.000000000000000000e+00
2.264030084362123052e-01 9.740322656446583904e-01 -1.684147396765478533e-03 2.695463299751281738e-01
9.711721174980080251e-01 -2.258699808831845512e-01 -7.620689395513746689e-02 5.425136089324951172e-01
-7.460837127129682500e-02 1.561787357446364766e-02 -9.970906211450056844e-01 2.214848995208740234e-01
0.000000000000000000e+00 0.000000000000000000e+00 0.000000000000000000e+00 1.000000000000000000e+00
7.030788759952346645e-01 7.073855727763610490e-01 -7.270358083015371342e-02 4.523904621601104736e-01
6.973114708860340683e-01 -7.058661942165493919e-01 -1.245391604781931338e-01 3.755567371845245361e-01
-1.394161820178083655e-01 3.686382169169610812e-02 -9.895476861206322639e-01 2.303040921688079834e-01
0.000000000000000000e+00 0.000000000000000000e+00 0.000000000000000000e+00 1.000000000000000000e+00
-6.679673840138828922e-01 7.440248891769166706e-01 1.570619833076311589e-02 5.137253999710083008e-01
7.441785299723057134e-01 6.676872006636073165e-01 1.980269636175070735e-02 3.530443310737609863e-01
4.246870493244819800e-03 2.491576890674994382e-02 -9.996806210836357565e-01 2.900887727737426758e-01
0.000000000000000000e+00 0.000000000000000000e+00 0.000000000000000000e+00 1.000000000000000000e+00
3.329142792318218191e-02 9.991257598624891934e-01 -2.528914268750748207e-02 4.101815223693847656e-01
9.977522913217504730e-01 -3.469688863584896588e-02 -5.732926945025151877e-02 3.942004144191741943e-01
-5.815659825731112065e-02 -2.332372081607847480e-02 -9.980351254394648208e-01 2.716853022575378418e-01
0.000000000000000000e+00 0.000000000000000000e+00 0.000000000000000000e+00 1.000000000000000000e+00
4.262292605413620095e-02 9.986881777294307483e-01 2.837864205890028302e-02 4.898311495780944824e-01
9.978750848874575752e-01 -4.395511510464444882e-02 4.809794940894107640e-02 4.324406087398529053e-01
4.928223434958667326e-02 2.626825917270991795e-02 -9.984395459563657482e-01 2.774954438209533691e-01
0.000000000000000000e+00 0.000000000000000000e+00 0.000000000000000000e+00 1.000000000000000000e+00
-9.257613547383902741e-01 3.779588579842591556e-01 -1.062964648040426452e-02 2.988023459911346436e-01
3.769056362215135736e-01 9.202115699389888936e-01 -1.056068503589190216e-01 4.596897661685943604e-01
-3.013352116032602668e-02 -1.017731159467453322e-01 -9.943511333901295934e-01 2.545092701911926270e-01
0.000000000000000000e+00 0.000000000000000000e+00 0.000000000000000000e+00 1.000000000000000000e+00
6.411910455798847108e-01 7.669556290015259181e-01 -2.555559280487379459e-02 5.372992157936096191e-01
7.663541523671532074e-01 -6.417000612872323373e-01 -3.036877757033551450e-02 3.667737841606140137e-01
-3.969053199891675598e-02 -1.124471786918546101e-04 -9.992119641797874152e-01 2.365511059761047363e-01
0.000000000000000000e+00 0.000000000000000000e+00 0.000000000000000000e+00 1.000000000000000000e+00
-1.167926650882282757e-01 9.922987608644544544e-01 -4.126506581784639138e-02 2.920728623867034912e-01
9.461944447928121171e-01 9.854832951768877081e-02 -3.082278881511451019e-01 3.080897033214569092e-01
-3.017875231239770528e-01 -7.504350456742425735e-02 -9.504173021015915879e-01 2.487762272357940674e-01
0.000000000000000000e+00 0.000000000000000000e+00 0.000000000000000000e+00 1.000000000000000000e+00
-6.580145529333760734e-01 7.522629157914499931e-01 -3.343218610158826820e-02 3.775715529918670654e-01
7.507182670673679947e-01 6.519109655823766003e-01 -1.069310594805807924e-01 4.358028173446655273e-01
-5.864545194602355238e-02 -9.546032429872308711e-02 -9.937044164284873915e-01 2.436489015817642212e-01
0.000000000000000000e+00 0.000000000000000000e+00 0.000000000000000000e+00 1.000000000000000000e+00
5.708669089012352593e-01 8.210017197959749158e-01 8.196113649706848747e-03 3.490667641162872314e-01
8.200130414042214877e-01 -5.706224668609114481e-01 4.437019526075491882e-02 5.396427512168884277e-01
4.110489160557362354e-02 -1.860855697066465808e-02 -9.989816010796079837e-01 2.674579024314880371e-01
0.000000000000000000e+00 0.000000000000000000e+00 0.000000000000000000e+00 1.000000000000000000e+00
3.538811352714671399e-01 9.350940459322581999e-01 -1.916314328643675680e-02 3.206258416175842285e-01
9.266696798461301343e-01 -3.533211272340723852e-01 -1.282474132238808906e-01 4.752089083194732666e-01
-1.266941405608301707e-01 2.762643311732393414e-02 -9.915569815391123143e-01 2.215889394283294678e-01
0.000000000000000000e+00 0.000000000000000000e+00 0.000000000000000000e+00 1.000000000000000000e+00
-8.825939863027916221e-01 4.676859898451482533e-01 4.793579190086583175e-02 5.373695492744445801e-01
4.700239869453667896e-01 8.800119666879335778e-01 6.823782683163348572e-02 4.338732957839965820e-01
-1.027019661841355180e-02 8.275726081309264792e-02 -9.965169035324521474e-01 2.746803164482116699e-01
0.000000000000000000e+00 0.000000000000000000e+00 0.000000000000000000e+00 1.000000000000000000e+00
4.958082136781633009e-01 8.618849957140897189e-01 -1.064358585025209081e-01 4.337196648120880127e-01
8.471449412331848450e-01 -5.069787933454286133e-01 -1.591173088306483407e-01 3.016576766967773438e-01
-1.911015079879510026e-01 -1.127490972946887382e-02 -9.815057675508640500e-01 2.490681409835815430e-01
0.000000000000000000e+00 0.000000000000000000e+00 0.000000000000000000e+00 1.000000000000000000e+00
6.974097118225424108e-01 7.135697197380181933e-01 6.661822439294740050e-02 5.298462510108947754e-01
7.044424767793771025e-01 -6.996398108516077574e-01 1.194368052121956847e-01 5.292931199073791504e-01
1.318352367813697690e-01 -3.636768625256814325e-02 -9.906044203397517123e-01 2.666698992252349854e-01
0.000000000000000000e+00 0.000000000000000000e+00 0.000000000000000000e+00 1.000000000000000000e+00
3.929358402948763818e-01 9.195233856532381012e-01 -8.840650610288491862e-03 4.184573888778686523e-01
9.192738144949403889e-01 -3.930351534638760747e-01 -2.142418335277429531e-02 4.421471953392028809e-01
-2.317472438517365063e-02 2.913506782612484969e-04 -9.997313685350093238e-01 2.832250297069549561e-01
0.000000000000000000e+00 0.000000000000000000e+00 0.000000000000000000e+00 1.000000000000000000e+00
1.469395129410457912e-01 9.782101404141352319e-01 -1.466761406272309998e-01 3.431572020053863525e-01
9.088995537212118947e-01 -1.920328296782329858e-01 -3.701692293712284254e-01 2.640423774719238281e-01
-3.902698685316652316e-01 -7.892134260683292268e-02 -9.173119847224668888e-01 2.294428348541259766e-01
0.000000000000000000e+00 0.000000000000000000e+00 0.000000000000000000e+00 1.000000000000000000e+00
3.890291315832542507e-01 9.205760202619533983e-01 -3.458691234644462043e-02 3.517054915428161621e-01
9.082249572954675942e-01 -3.895540860087178814e-01 -1.528899407126793619e-01 4.693758189678192139e-01
-1.542202662837901528e-01 2.806595703239267436e-02 -9.876380058327640654e-01 2.158062756061553955e-01
0.000000000000000000e+00 0.000000000000000000e+00 0.000000000000000000e+00 1.000000000000000000e+00
-2.729640787593528017e-01 9.548145547131051680e-01 -1.175593171615625376e-01 4.602808356285095215e-01
9.565914345473250924e-01 2.564192439416199676e-01 -1.384999683773782131e-01 2.708563804626464844e-01
-1.020972785835587704e-01 -1.502617050277907929e-01 -9.833606727306474227e-01 2.606858611106872559e-01
0.000000000000000000e+00 0.000000000000000000e+00 0.000000000000000000e+00 1.000000000000000000e+00
7.266721709157533127e-01 6.845954783751184713e-01 -5.724235575027325496e-02 3.264112174510955811e-01
6.590392857396065729e-01 -7.182123116386609496e-01 -2.232463341087713715e-01 3.204693496227264404e-01
-1.939455494599640062e-01 1.245019551232777744e-01 -9.730802181523614536e-01 2.643416523933410645e-01
0.000000000000000000e+00 0.000000000000000000e+00 0.000000000000000000e+00 1.000000000000000000e+00
2.905973542349182814e-01 9.393686749344469789e-01 -1.820435822183856800e-01 4.373066425323486328e-01
9.146405294868413804e-01 -3.285875170219232366e-01 -2.355065004059149203e-01 2.669366896152496338e-01
-2.810446140651539082e-01 -9.806682652819986856e-02 -9.546713367909731573e-01 2.020741999149322510e-01
0.000000000000000000e+00 0.000000000000000000e+00 0.000000000000000000e+00 1.000000000000000000e+00
9.836265729845198313e-01 1.802066049027228889e-01 -2.084908328859158555e-03 2.502442300319671631e-01
1.795910935017406285e-01 -9.791712412820010591e-01 9.471539691569257069e-02 5.363898277282714844e-01
1.502685689540145253e-02 -9.353901232898527429e-02 -9.955023536609974855e-01 2.974055111408233643e-01
0.000000000000000000e+00 0.000000000000000000e+00 0.000000000000000000e+00 1.000000000000000000e+00
1.825154070058160327e-01 9.801562073236642636e-01 -7.734422951450103945e-02 4.363593459129333496e-01
9.749951857639256314e-01 -1.905745569921606375e-01 -1.143066449069332080e-01 3.022447526454925537e-01
-1.267781855504714894e-01 -5.454750752877490783e-02 -9.904303783675416639e-01 2.435422241687774658e-01
0.000000000000000000e+00 0.000000000000000000e+00 0.000000000000000000e+00 1.000000000000000000e+00
2.164179921541498075e-03 9.999976796965982517e-01 -2.855016955607136975e-04 3.267370760440826416e-01
9.999970435279762482e-01 -2.164635419647842340e-03 -1.162933278827320283e-03 4.348462522029876709e-01
-1.163548497091465572e-03 -2.829839643659973203e-04 -9.999994078920124707e-01 2.838871777057647705e-01
0.000000000000000000e+00 0.000000000000000000e+00 0.000000000000000000e+00 1.000000000000000000e+00
2.700475508258914914e-03 9.941141732858093105e-01 1.083040948404634385e-01 5.482234954833984375e-01
9.879802616613196919e-01 -1.939163440054558762e-02 1.533591452962523860e-01 4.478212893009185791e-01
1.545566855706037579e-01 1.065881576472671455e-01 -9.822175486985784687e-01 2.978490293025970459e-01
0.000000000000000000e+00 0.000000000000000000e+00 0.000000000000000000e+00 1.000000000000000000e+00
-8.123496650356871740e-01 5.820039501184290920e-01 3.687218058634222917e-02 5.447036623954772949e-01
5.831527113877448265e-01 8.102014218171785798e-01 5.921642773120650016e-02 4.996301531791687012e-01
4.590300182807705021e-03 6.960655255555148191e-02 -9.975640353439558794e-01 2.045613229274749756e-01
0.000000000000000000e+00 0.000000000000000000e+00 0.000000000000000000e+00 1.000000000000000000e+00
9.987167590172207898e-01 1.294104643403559685e-02 4.896289119283456226e-02 5.057876706123352051e-01
8.108423613722992584e-03 -9.951888194651634656e-01 9.764057876530202185e-02 5.381917953491210938e-01
4.999088780237495588e-02 -9.711827053811689092e-02 -9.940166840055433273e-01 2.239850014448165894e-01
0.000000000000000000e+00 0.000000000000000000e+00 0.000000000000000000e+00 1.000000000000000000e+00
-2.668376508028600380e-01 9.637331485014128951e-01 -4.059339485023405469e-03 5.017549991607666016e-01
9.637250600681199764e-01 2.668056182421906231e-01 -6.999809890909002019e-03 4.710801839828491211e-01
-5.662892741303993116e-03 -5.779898040971322148e-03 -9.999675708318775946e-01 2.065553963184356689e-01
0.000000000000000000e+00 0.000000000000000000e+00 0.000000000000000000e+00 1.000000000000000000e+00
6.580026347824312616e-01 7.529242217936488180e-01 -1.173662935620267689e-02 2.873258292675018311e-01
7.434303694736282830e-01 -6.520270938582384268e-01 -1.489041161333977126e-01 4.193758964538574219e-01
-1.197660969411673548e-01 8.925394273415698798e-02 -9.887822788653881645e-01 2.523762583732604980e-01
0.000000000000000000e+00 0.000000000000000000e+00 0.000000000000000000e+00 1.000000000000000000e+00
6.078165273705984362e-01 7.928702052837415248e-01 4.377057483909685409e-02 4.533570706844329834e-01
7.860171539675768759e-01 -6.085658754722320651e-01 1.087401988409095743e-01 5.332760214805603027e-01
1.128541506420475127e-01 -3.168966311855614393e-02 -9.931059789056124743e-01 2.710261642932891846e-01
0.000000000000000000e+00 0.000000000000000000e+00 0.000000000000000000e+00 1.000000000000000000e+00
-9.946539112748897793e-01 1.890042848691064759e-02 -1.015203186444647993e-01 4.759958386421203613e-01
3.119623812979843702e-02 9.921705239251248365e-01 -1.209315765149511224e-01 2.924282848834991455e-01
9.843980912827594854e-02 -1.234521173364545588e-01 -9.874559145586006004e-01 2.376773059368133545e-01
0.000000000000000000e+00 0.000000000000000000e+00 0.000000000000000000e+00 1.000000000000000000e+00
-5.664917433130125524e-01 8.164632339906905401e-01 -1.116923807283713987e-01 4.552653729915618896e-01
8.227911363343789475e-01 5.528536719712788816e-01 -1.317863715965045257e-01 2.651472687721252441e-01
-4.584916946783024194e-02 -1.665553640999101193e-01 -9.849657552078330269e-01 2.580891251564025879e-01
0.000000000000000000e+00 0.000000000000000000e+00 0.000000000000000000e+00 1.000000000000000000e+00
-1.844996129128917417e-03 9.999983877346098060e-01 1.536272752474809877e-04 2.580139040946960449e-01
9.990509707671263451e-01 1.849731310259228323e-03 -4.351940530682596453e-02 5.084507465362548828e-01
-4.351961491581912700e-02 7.319274762740413109e-05 -9.990527728744567071e-01 2.589271366596221924e-01
0.000000000000000000e+00 0.000000000000000000e+00 0.000000000000000000e+00 1.000000000000000000e+00
-1.874143348465509007e-01 9.820951943275434415e-01 -1.910752049739000702e-02 4.383321106433868408e-01
9.816047095641647902e-01 1.865279560487350663e-01 -4.073884450694692516e-02 4.317863583564758301e-01
-3.644533196810423314e-02 -2.639106987323663889e-02 -9.989872809661193287e-01 2.503492534160614014e-01
0.000000000000000000e+00 0.000000000000000000e+00 0.000000000000000000e+00 1.000000000000000000e+00
9.987866852616222868e-01 4.240985963590826469e-02 -2.503121273267028268e-02 3.356711864471435547e-01
3.845529924804724775e-02 -9.891873085499154339e-01 -1.415288469831575968e-01 4.939983189105987549e-01
-3.076276588586879246e-02 1.403945453865692583e-01 -9.896179970015155369e-01 2.013233453035354614e-01
0.000000000000000000e+00 0.000000000000000000e+00 0.000000000000000000e+00 1.000000000000000000e+00
-8.982928105559881971e-01 4.244695419530928326e-01 -1.135594030306226188e-01 4.718110561370849609e-01
4.364051977848730779e-01 8.919750488293001212e-01 -1.180297483920336177e-01 2.509373724460601807e-01
5.119212252764704374e-02 -1.555831806888923197e-01 -9.864954885090710945e-01 2.617623507976531982e-01
0.000000000000000000e+00 0.000000000000000000e+00 0.000000000000000000e+00 1.000000000000000000e+00
5.721569801939815347e-01 8.129025429153278193e-01 -1.087472088588476993e-01 4.649296998977661133e-01
8.024086721318932636e-01 -5.822674532914833279e-01 -1.307873901145115703e-01 2.818496823310852051e-01
-1.696373266717206008e-01 -1.242876692303918063e-02 -9.854284409380174026e-01 2.534169852733612061e-01
0.000000000000000000e+00 0.000000000000000000e+00 0.000000000000000000e+00 1.000000000000000000e+00
-9.959978375590665678e-01 5.465896347740084593e-02 -7.071526700421504330e-02 5.337835550308227539e-01
5.924500620640316129e-02 9.961596000078998259e-01 -6.446766975296114310e-02 2.762353420257568359e-01
6.691995603334266463e-02 -6.839918797288291330e-02 -9.954110780395879488e-01 2.493284195661544800e-01
0.000000000000000000e+00 0.000000000000000000e+00 0.000000000000000000e+00 1.000000000000000000e+00
-1.785710828237139225e-01 9.788766395744322724e-01 -9.956465344471854273e-02 4.244645237922668457e-01
9.687074538492675968e-01 1.571769371982173480e-01 -1.920974800629711154e-01 3.656179010868072510e-01
-1.723904422436721706e-01 -1.307520458162763077e-01 -9.763123573731107285e-01 2.086082994937896729e-01
0.000000000000000000e+00 0.000000000000000000e+00 0.000000000000000000e+00 1.000000000000000000e+00
1.078243407138453902e-01 9.938398350907272638e-01 -2.562033724636236798e-02 3.093262910842895508e-01
9.738755777505166966e-01 -1.107687903113134809e-01 -1.982341255832658078e-01 4.500372707843780518e-01
-1.998508908033151954e-01 -3.576544631446409994e-03 -9.798199167763641526e-01 2.245748937129974365e-01
0.000000000000000000e+00 0.000000000000000000e+00 0.000000000000000000e+00 1.000000000000000000e+00
3.267392208393670172e-01 9.375435343246426578e-01 -1.193892889884669017e-01 4.472378492355346680e-01
9.161393576340269851e-01 -3.452245494892638433e-01 -2.037377885105104980e-01 3.647604882717132568e-01
-2.322291077212899069e-01 -4.280806371816758826e-02 -9.717189385342237529e-01 2.011075615882873535e-01
0.000000000000000000e+00 0.000000000000000000e+00 0.000000000000000000e+00 1.000000000000000000e+00
-9.894354920265446829e-01 1.449367342892213251e-01 3.269822307561578989e-03 5.310351848602294922e-01
1.449486710822288082e-01 9.894320006843239090e-01 3.768084779811137208e-03 3.427248597145080566e-01
-2.689132916614114799e-03 4.202233333318622366e-03 -9.999875254498888921e-01 2.902996242046356201e-01
0.000000000000000000e+00 0.000000000000000000e+00 0.000000000000000000e+00 1.000000000000000000e+00
-7.563945296789427175e-01 6.489408793908872930e-01 -8.211937196082441659e-02 3.294711709022521973e-01
6.362231595061635936e-01 7.007200622887808095e-01 -3.228181806379608609e-01 3.343295156955718994e-01
-1.519471865611636829e-01 -2.964240568809999310e-01 -9.428920559309119653e-01 2.221743613481521606e-01
0.000000000000000000e+00 0.000000000000000000e+00 0.000000000000000000e+00 1.000000000000000000e+00
-8.137162372361643747e-01 5.804259209249552631e-01 3.117781787843765251e-02 5.200755000114440918e-01
5.812623581463297606e-01 8.124874999017048793e-01 4.470097320333649149e-02 4.129418134689331055e-01
6.140125497664516985e-04 5.449638815164875583e-02 -9.985140110624133314e-01 2.846832871437072754e-01
0.000000000000000000e+00 0.000000000000000000e+00 0.000000000000000000e+00 1.000000000000000000e+00
-1.379735880266323989e-01 9.902383415340068051e-01 -1.978888240122689268e-02 4.120333790779113770e-01
9.892259104301246442e-01 1.367898755155394497e-01 -5.216170477768899971e-02 4.557940065860748291e-01
-4.894559269639087162e-02 -2.677260292917704732e-02 -9.984428152192919015e-01 2.581228911876678467e-01
0.000000000000000000e+00 0.000000000000000000e+00 0.000000000000000000e+00 1.000000000000000000e+00
8.002217629434849044e-01 5.899119206273819582e-01 -1.079307959387857396e-01 5.256046652793884277e-01
5.825879028586602448e-01 -8.073801592320393183e-01 -9.342708516159636822e-02 2.546681761741638184e-01
-1.422549340199300572e-01 1.188321087742427729e-02 -9.897587231263091923e-01 2.450736165046691895e-01
0.000000000000000000e+00 0.000000000000000000e+00 0.000000000000000000e+00 1.000000000000000000e+00
8.262771015936771768e-01 5.622625663940361562e-01 3.357108882369175262e-02 4.970514178276062012e-01
5.593166261920323734e-01 -8.260720938772059263e-01 6.906837245194474839e-02 5.371306538581848145e-01
6.656668264213294606e-02 -3.829275179443647481e-02 -9.970472575818760674e-01 2.384230494499206543e-01
0.000000000000000000e+00 0.000000000000000000e+00 0.000000000000000000e+00 1.000000000000000000e+00
3.724214745100762336e-03 9.992160731235524285e-01 -3.941395558877847094e-02 4.014016687870025635e-01
9.954401541532822417e-01 -7.461296760138402817e-03 -9.509637230007639275e-02 3.942688107490539551e-01
-9.531589680056828939e-02 -3.888006863281434633e-02 -9.946875897447924331e-01 2.607527971267700195e-01
0.000000000000000000e+00 0.000000000000000000e+00 0.000000000000000000e+00 1.000000000000000000e+00
-8.387813115040021472e-01 5.435992539561873560e-01 -3.075917712193410036e-02 3.423994183540344238e-01
5.415229781676209608e-01 8.270418457670114520e-01 -1.508465569490722302e-01 4.679011702537536621e-01
-5.656094054568205909e-02 -1.431840449393577686e-01 -9.880787333377227810e-01 2.141767144203186035e-01
0.000000000000000000e+00 0.000000000000000000e+00 0.000000000000000000e+00 1.000000000000000000e+00
-7.503610394895443569e-01 6.565231099726773767e-01 -7.704733512399020157e-02 4.456149041652679443e-01
6.601003201359574302e-01 7.380245870086823423e-01 -1.399548585833723102e-01 3.838475644588470459e-01
-3.502075290897099791e-02 -1.558755951279384711e-01 -9.871560154848300073e-01 2.182280570268630981e-01
0.000000000000000000e+00 0.000000000000000000e+00 0.000000000000000000e+00 1.000000000000000000e+00
-3.034566680779535730e-01 9.508237079077601628e-01 -6.203809757368744515e-02 4.800342619419097900e-01
9.509586031077348345e-01 2.981174863931270735e-01 -8.248584151129227660e-02 3.307813107967376709e-01
-5.993483332261612118e-02 -8.402651578506999119e-02 -9.946597258226859140e-01 2.530133724212646484e-01
0.000000000000000000e+00 0.000000000000000000e+00 0.000000000000000000e+00 1.000000000000000000e+00
-3.900686473280932098e-01 9.182843653412811058e-01 -6.782804672458930817e-02 3.787521123886108398e-01
9.119543663163205416e-01 3.750995009389792578e-01 -1.662521101098888288e-01 3.444268107414245605e-01
-1.272244210413651100e-01 -1.267057801726232391e-01 -9.837479955836343493e-01 2.555527985095977783e-01
0.000000000000000000e+00 0.000000000000000000e+00 0.000000000000000000e+00 1.000000000000000000e+00
5.991793513394063631e-01 7.997335167786778776e-01 3.755683020113076420e-02 4.996274113655090332e-01
7.970848523216695902e-01 -6.002812938371211438e-01 6.571559448515484902e-02 4.649763703346252441e-01
7.509961087309824368e-02 -9.439454433552096901e-03 -9.971316289177298842e-01 2.634951472282409668e-01
0.000000000000000000e+00 0.000000000000000000e+00 0.000000000000000000e+00 1.000000000000000000e+00
