-8.473795046857302005e-03 -9.156606740868784566e-01 -4.018628182953323247e-01 -1.915438040719898496e-02
-8.192861529602384341e-01 -2.240560404690949969e-01 5.277964477873304805e-01 -5.347757092871496809e-02
-5.733222430406105241e-01 3.337130813439513344e-01 -7.482895061236717327e-01 7.941887944635298568e-01
0.000000000000000000e+00 0.000000000000000000e+00 0.000000000000000000e+00 1.000000000000000000e+00
-3.874316136545874478e-03 -7.690562492159823682e-01 -6.391693634838258031e-01 2.342549867895792892e-01
-7.714868067130505880e-01 -4.043683494441469017e-01 4.912172075930530402e-01 2.365332045205513836e-02
-6.362335237490825968e-01 4.950138619368767423e-01 -5.917500990689941176e-01 7.290795663486193678e-01
0.000000000000000000e+00 0.000000000000000000e+00 0.000000000000000000e+00 1.000000000000000000e+00
6.075592708483501525e-02 -7.199099804068829211e-01 6.914031656238088797e-01 1.294911183279385258e-01
-8.343822854041436088e-01 3.435428711484775910e-01 4.310272584034787191e-01 -8.262442473653451580e-03
-5.478274537916303366e-01 -6.030820141519912525e-01 -5.798078691071352209e-01 7.502104987868938313e-01
0.000000000000000000e+00 0.000000000000000000e+00 0.000000000000000000e+00 1.000000000000000000e+00
7.464545753450391175e-02 -1.658173783034681548e-01 -9.833273375239951486e-01 9.469277620623099689e-02
-8.243293889053111556e-01 -5.651636853556279982e-01 3.272716520325169576e-02 1.001094607070852488e-01
-5.611676347193063075e-01 8.081426890146375941e-01 -1.788750400020359121e-01 5.709953115813656277e-01
0.000000000000000000e+00 0.000000000000000000e+00 0.000000000000000000e+00 1.000000000000000000e+00
-4.097182971640611626e-02 -8.128617915514978476e-01 -5.810137838342381844e-01 2.538799830443015382e-01
-7.395888708255763389e-01 -3.663146141072798345e-01 5.646431666480907774e-01 -1.203845756000315737e-02
-6.718106960451275533e-01 4.528457919944975929e-01 -5.861749545589929333e-01 7.379851493423484898e-01
0.000000000000000000e+00 0.000000000000000000e+00 0.000000000000000000e+00 1.000000000000000000e+00
2.156006394374965218e-03 -8.558929115045892377e-01 5.171486011511831071e-01 2.398151930593819259e-01
-7.857806119669425993e-01 3.184086880987431201e-01 5.302496932578982802e-01 -1.169521994471313039e-02
-6.185015614315659827e-01 -4.075085660197041437e-01 -6.718575646126785372e-01 7.270354704572501436e-01
0.000000000000000000e+00 0.000000000000000000e+00 0.000000000000000000e+00 1.000000000000000000e+00
-3.699038658035780358e-02 -8.095497358480029382e-01 5.858847467625897254e-01 5.637695429371509387e-02
-7.459151520193644247e-01 4.125222710096448919e-01 5.229110458854093757e-01 -1.644270442842087898e-01
-6.650130053529507146e-01 -4.176776282128036311e-01 -6.191147725599536189e-01 8.555192285309592970e-01
0.000000000000000000e+00 0.000000000000000000e+00 0.000000000000000000e+00 1.000000000000000000e+00
1.102329034660772811e-01 -9.522789222196677006e-01 -2.846288131753110795e-01 1.442441989492272980e-01
-8.446132233298877523e-01 -2.407046747768194495e-01 4.782151843227927523e-01 1.102169635279548199e-01
-5.239057262234642076e-01 1.876862110990931420e-01 -8.308409451835718773e-01 5.806448927225047463e-01
0.000000000000000000e+00 0.000000000000000000e+00 0.000000000000000000e+00 1.000000000000000000e+00
6.413229440496381883e-03 -3.993396474683804653e-01 -9.167806261303586002e-01 1.134517902922315830e-01
-7.925390195737594956e-01 -5.610941643186133643e-01 2.388623897156285092e-01 2.011854024236369928e-02
-6.097874817846025142e-01 7.250525392876203679e-01 -3.200906782950203588e-01 7.324377476836627654e-01
0.000000000000000000e+00 0.000000000000000000e+00 0.000000000000000000e+00 1.000000000000000000e+00
-2.560572817028972104e-02 -5.927722202061488366e-01 -8.049630063777731825e-01 2.197099223368925158e-01
-7.539336211371486796e-01 -5.173147930948764905e-01 4.049314753933457856e-01 2.158746028949218992e-02
-6.564514007936125273e-01 6.172572395663565858e-01 -4.336646845190713639e-01 7.056948377350765744e-01
0.000000000000000000e+00 0.000000000000000000e+00 0.000000000000000000e+00 1.000000000000000000e+00
2.859410069160628343e-03 -3.743936867055649431e-01 9.272654372557361802e-01 -2.535290330436735379e-02
-8.397579668762767957e-01 5.025670204802914487e-01 2.055065619229328733e-01 -8.154514007272682663e-02
-5.429533873564823532e-01 -7.792661658769599597e-01 -3.129630359603895462e-01 8.535651640257954087e-01
0.000000000000000000e+00 0.000000000000000000e+00 0.000000000000000000e+00 1.000000000000000000e+00
3.765953801062227324e-02 -7.935784797861420437e-01 -6.073013713282250370e-01 2.391251091830278452e-01
-8.002610013381876719e-01 -3.879171083423075261e-01 4.572774286935052945e-01 6.801471606414444260e-02
-5.984681185610708498e-01 4.687787468258971524e-01 -6.496786879606823994e-01 6.830865094116544967e-01
0.000000000000000000e+00 0.000000000000000000e+00 0.000000000000000000e+00 1.000000000000000000e+00
-1.722312901898259696e-02 -2.999095168909211573e-01 -9.538121646870780790e-01 -1.193644464306445720e-03
-7.615557979174407688e-01 -6.141951912745093889e-01 2.068744393916246427e-01 -2.990398268549939939e-02
-6.478704581049561373e-01 7.299442093020007682e-01 -2.178194684167402695e-01 6.624125849033483115e-01
0.000000000000000000e+00 0.000000000000000000e+00 0.000000000000000000e+00 1.000000000000000000e+00
2.916790585091877386e-02 -7.352663550725849761e-01 -6.771503676190006038e-01 -9.258059919751857048e-03
-9.125509096453264801e-01 -2.960468913757972054e-01 2.821472583815308743e-01 7.235038003283997265e-02
-4.079216475914945184e-01 6.097045392688188459e-01 -6.796030490081972353e-01 6.254598588388842195e-01
0.000000000000000000e+00 0.000000000000000000e+00 0.000000000000000000e+00 1.000000000000000000e+00
1.400164824874553515e-01 -3.663636599297368512e-01 -9.198766511411886615e-01 1.016500418691270932e-02
-9.026590236297744596e-01 -4.290518124412238676e-01 3.348476221571583533e-02 1.472327262884794985e-01
-4.069423444317168959e-01 8.256465411565586665e-01 -3.907757891484948121e-01 5.097180984963891603e-01
0.000000000000000000e+00 0.000000000000000000e+00 0.000000000000000000e+00 1.000000000000000000e+00
-7.960869520018659662e-02 -7.082733785129785575e-01 7.014351551913651228e-01 2.325617524983815410e-01
-6.781058867633030784e-01 5.542439628530855256e-01 4.826862707575810263e-01 -1.826117998375931251e-01
-7.306400358490339197e-01 -4.372212837119409667e-01 -5.244069861126990917e-01 8.529958770810036617e-01
0.000000000000000000e+00 0.000000000000000000e+00 0.000000000000000000e+00 1.000000000000000000e+00
-7.521122753116837867e-03 -4.154511116538135429e-01 9.095844141904272373e-01 7.740843022623287994e-02
-7.762303150622040793e-01 5.758642078328511937e-01 2.566065317085156616e-01 -1.256857818669072369e-01
-6.304045769908110941e-01 -7.041170271784745749e-01 -3.268168926882200620e-01 7.940589480949908907e-01
0.000000000000000000e+00 0.000000000000000000e+00 0.000000000000000000e+00 1.000000000000000000e+00
1.323354335240604085e-01 -1.722611616721040906e-01 9.761216241910513070e-01 -4.968423384904213647e-02
-9.365628791617108817e-01 3.007235409798600378e-01 1.800425651807394112e-01 8.718114000214402526e-02
-3.245570926822049507e-01 -9.380252896803538132e-01 -1.215370293769064969e-01 6.597870820624821553e-01
0.000000000000000000e+00 0.000000000000000000e+00 0.000000000000000000e+00 1.000000000000000000e+00
1.550883255320339993e-02 -4.296860488891525165e-01 9.028451558838124225e-01 9.806144232251552337e-03
-8.532988140832362678e-01 4.649807636108220232e-01 2.359534347197336790e-01 -6.694044893588001199e-02
-5.211915290917334964e-01 -7.740560631258732727e-01 -3.594392871419244129e-01 8.471355804914327825e-01
0.000000000000000000e+00 0.000000000000000000e+00 0.000000000000000000e+00 1.000000000000000000e+00
-1.707393115903688141e-02 -8.344852295537463771e-01 -5.507657238167676939e-01 7.092512164938317987e-02
-7.551252835307915579e-01 -3.502919329226810152e-01 5.541492289102581958e-01 -7.113668871091972934e-02
-6.553581364775432627e-01 4.253586291424254484e-01 -6.241600352207424818e-01 7.085110631973937645e-01
0.000000000000000000e+00 0.000000000000000000e+00 0.000000000000000000e+00 1.000000000000000000e+00
-4.291095403634070937e-02 -9.316769921567418233e-01 -3.607445527093335880e-01 1.832543770037713127e-01
-7.221554643901981763e-01 -2.205925376652227987e-01 6.556145342941950283e-01 -7.615864031283131608e-02
-6.903985336565163777e-01 2.886466951346982057e-01 -6.633497946881030671e-01 7.182970154015309028e-01
0.000000000000000000e+00 0.000000000000000000e+00 0.000000000000000000e+00 1.000000000000000000e+00
2.281571170444696151e-03 -7.811916261930849092e-01 -6.242871435475804143e-01 -2.574086129657689181e-02
-8.910699724633635022e-01 -2.849287765340698941e-01 3.532844413173873432e-01 3.546564861352674569e-02
-4.538602192384065814e-01 5.554774842138979762e-01 -6.967464861226528861e-01 6.492607155472502889e-01
0.000000000000000000e+00 0.000000000000000000e+00 0.000000000000000000e+00 1.000000000000000000e+00
7.919721543676450093e-02 -8.908167510113214060e-01 -4.474073280408980002e-01 1.221695355441117375e-01
-8.564235533495587749e-01 -2.904936497494311487e-01 4.267928498971953477e-01 6.985390804884146487e-02
-5.101632075475235339e-01 3.493693683952386886e-01 -7.859227354466431503e-01 6.420425603263282266e-01
0.000000000000000000e+00 0.000000000000000000e+00 0.000000000000000000e+00 1.000000000000000000e+00
4.654188289286231850e-02 -7.439318743984799642e-01 6.666327470134898459e-01 6.399769835546148360e-03
-8.872747895334540669e-01 2.757855158545603480e-01 3.697104233088364666e-01 1.707513886498846292e-02
-4.588870242174560854e-01 -6.086934495284128666e-01 -6.472364201016885810e-01 6.738867686370222376e-01
0.000000000000000000e+00 0.000000000000000000e+00 0.000000000000000000e+00 1.000000000000000000e+00
-8.909276118190034843e-03 -4.100459371238057149e-01 -9.120213562451866540e-01 -6.947431294721624628e-02
-7.999746142506609647e-01 -5.443040826986217384e-01 2.525345166746878478e-01 -2.870931605113642357e-02
-5.999677002585688257e-01 7.318438323890362751e-01 -3.231769850106471775e-01 6.794969201474352349e-01
0.000000000000000000e+00 0.000000000000000000e+00 0.000000000000000000e+00 1.000000000000000000e+00
1.670609500208283249e-01 -3.091007172904490230e-01 9.362410937085960949e-01 5.267855915190554350e-02
-8.808583546518251595e-01 3.797945154302269088e-01 2.825680185180172166e-01 8.775281783410807113e-02
-4.429212097181818852e-01 -8.719018709807020429e-01 -2.088251166936899994e-01 6.957716805016471717e-01
0.000000000000000000e+00 0.000000000000000000e+00 0.000000000000000000e+00 1.000000000000000000e+00
-7.136726828207651252e-03 -8.064790369996857056e-01 -5.912196123355850652e-01 -5.141065708561132208e-02
-7.099705728701706242e-01 -4.122686786410401094e-01 5.709433617005917894e-01 -1.076878309568402303e-01
-7.041951808899160614e-01 4.238231936688113821e-01 -5.696341349671627530e-01 7.549745803053637960e-01
0.000000000000000000e+00 0.000000000000000000e+00 0.000000000000000000e+00 1.000000000000000000e+00
1.870031429212948293e-02 -3.737366834087216816e-01 -9.273463159575413561e-01 -2.279557011266427485e-02
-8.252354886126858080e-01 -5.294203449465737510e-01 1.967243927194400333e-01 4.951453840138998058e-02
-5.644791285597342556e-01 7.616002821896139530e-01 -3.183211013884300611e-01 5.982634251481659948e-01
0.000000000000000000e+00 0.000000000000000000e+00 0.000000000000000000e+00 1.000000000000000000e+00
-6.061307935655135815e-02 -9.973961911322708485e-01 -3.907547217571472054e-02 2.351961273494407034e-01
-6.986969102595301795e-01 1.443817074226882990e-02 7.152720928565599046e-01 -9.739221707450645971e-02
-7.128454826992329796e-01 7.065675580194530347e-02 -6.977527790377060501e-01 8.342352091469625863e-01
0.000000000000000000e+00 0.000000000000000000e+00 0.000000000000000000e+00 1.000000000000000000e+00
-3.627057062629335249e-02 -9.940451533413823260e-01 -1.027554320946142408e-01 1.144420011177384039e-01
-7.041084952047069745e-01 -4.754681580770803162e-02 7.084987842523873258e-01 -1.116870350412992041e-01
-7.091654762373913456e-01 9.804862785911744316e-02 -6.981910869439240663e-01 7.495351583444571641e-01
0.000000000000000000e+00 0.000000000000000000e+00 0.000000000000000000e+00 1.000000000000000000e+00
-3.092871875817715388e-02 -5.721785006047542810e-01 -8.195457142842449416e-01 2.116003107889503632e-01
-7.457773110752358159e-01 -5.327005510606712679e-01 4.000579022904664495e-01 1.015717517250192339e-02
-6.654769843062712242e-01 6.235718774490657257e-01 -4.102419981099918456e-01 7.452239405216776191e-01
0.000000000000000000e+00 0.000000000000000000e+00 0.000000000000000000e+00 1.000000000000000000e+00
1.959791791200315991e-02 -6.351617272282695792e-01 -7.721304953684421379e-01 9.703723826830996935e-02
-8.145577844968948655e-01 -4.579590199562412201e-01 3.560465584108758463e-01 2.702742546659659198e-02
-5.797512719511918045e-01 6.219671344252205580e-01 -5.263509726084441009e-01 7.236096196498305044e-01
0.000000000000000000e+00 0.000000000000000000e+00 0.000000000000000000e+00 1.000000000000000000e+00
-8.640226811993390044e-04 -6.771385677503742873e-01 7.358550220864013003e-01 -2.871750839421600282e-02
-8.508691009484627976e-01 3.870994291012171962e-01 3.552123379623326471e-01 -5.510557385873181280e-02
-5.253770327259852380e-01 -6.258093895544262208e-01 -5.764907470459134098e-01 7.697112668024440607e-01
0.000000000000000000e+00 0.000000000000000000e+00 0.000000000000000000e+00 1.000000000000000000e+00
-5.463446676682232050e-02 -6.197471761299465642e-01 7.828975109936562315e-01 1.435985879719181291e-01
-6.891487261996874780e-01 5.907860645942354383e-01 4.195781918291325296e-01 -1.910094727914613544e-01
-7.225573390523780670e-01 -5.166093916686118614e-01 -4.593752586081815137e-01 8.639544787119747271e-01
0.000000000000000000e+00 0.000000000000000000e+00 0.000000000000000000e+00 1.000000000000000000e+00
-2.415854653630600257e-02 -3.057269898774523931e-01 -9.518126771007648923e-01 7.844051453677158836e-02
-7.557167796882211519e-01 -6.176953505213635953e-01 2.175881495898945861e-01 -2.380446160573613731e-02
-6.544528352195577714e-01 7.245574246426309539e-01 -2.161203943831317975e-01 7.473467235015360810e-01
0.000000000000000000e+00 0.000000000000000000e+00 0.000000000000000000e+00 1.000000000000000000e+00
-5.055521969633136603e-02 -9.138382978996631989e-01 -4.029190179841378727e-01 1.268520732061940159e-01
-7.081938591609556743e-01 -2.516630078317432240e-01 6.596417120951284518e-01 -9.127979962694056371e-02
-7.042056713831322812e-01 3.186931059513624653e-01 -6.344517921882681932e-01 7.350802102461089227e-01
0.000000000000000000e+00 0.000000000000000000e+00 0.000000000000000000e+00 1.000000000000000000e+00
-1.880926549637929046e-02 -9.495379045093648163e-01 3.130878142493750405e-01 -2.496930685063621438e-02
-8.039809666903470209e-01 2.005162142722469731e-01 5.598284139033866680e-01 -1.066115141934864952e-01
-5.943574822706801930e-01 -2.411866822896546192e-01 -7.671819650871410934e-01 8.094058555652576814e-01
0.000000000000000000e+00 0.000000000000000000e+00 0.000000000000000000e+00 1.000000000000000000e+00
8.732865089818631077e-03 -9.998204918365907190e-01 1.681431446596876045e-02 5.194369889424409192e-02
-8.474851760548391955e-01 1.524621788284163948e-03 5.308168722786612559e-01 -2.635897681269932721e-02
-5.307472217870017328e-01 -1.888543438844209055e-02 -8.473197312309792562e-01 8.014294689519447790e-01
0.000000000000000000e+00 0.000000000000000000e+00 0.000000000000000000e+00 1.000000000000000000e+00
9.593525177700246154e-02 -5.909993878159383041e-01 8.009470338715725113e-01 1.209830791601790856e-01
-8.356365178783764502e-01 3.893894174123971874e-01 3.874112693189711853e-01 3.025389159107524234e-02
-5.408401218979463909e-01 -7.064669880528181567e-01 -4.565044987040039470e-01 6.730639907838870117e-01
0.000000000000000000e+00 0.000000000000000000e+00 0.000000000000000000e+00 1.000000000000000000e+00
1.765099895637828320e-02 -1.372500941829752352e-01 9.903791465305631370e-01 -6.304946243449902066e-02
-8.786944511785323986e-01 4.704863269990046670e-01 8.086208985083026546e-02 -5.756001408783577300e-02
-4.770581764354321908e-01 -8.716679572829040268e-01 -1.122963425154615835e-01 8.326224162647618554e-01
0.000000000000000000e+00 0.000000000000000000e+00 0.000000000000000000e+00 1.000000000000000000e+00
1.064407559162590111e-01 -3.496846838901538357e-01 9.308012609212660271e-01 7.943875117974272260e-02
-8.696846603181139779e-01 4.210413089940611697e-01 2.576292058908200011e-01 1.953446605736932143e-02
-4.819947687344151577e-01 -8.369258258491076852e-01 -2.592994503261563666e-01 7.742694069981558291e-01
0.000000000000000000e+00 0.000000000000000000e+00 0.000000000000000000e+00 1.000000000000000000e+00
1.631278429813476372e-02 -9.982207011399442109e-01 -5.735263624385794623e-02 2.243851550040440457e-01
-7.831854006978005156e-01 -4.841500648049279487e-02 6.199004882086471824e-01 6.742099950507438044e-03
-6.215742282320493306e-01 3.480544444726479947e-02 -7.825816633646360820e-01 6.803148335041512285e-01
0.000000000000000000e+00 0.000000000000000000e+00 0.000000000000000000e+00 1.000000000000000000e+00
9.570046838013446244e-02 -9.483834556714938469e-01 -3.023412663868745298e-01 6.636620208419494529e-03
-9.459613398101507364e-01 -1.811919272799779046e-01 2.689361059306690227e-01 1.265741939391552828e-01
-3.098363502502698985e-01 2.602658381293310730e-01 -9.144742366881797313e-01 5.256567797593487690e-01
0.000000000000000000e+00 0.000000000000000000e+00 0.000000000000000000e+00 1.000000000000000000e+00
-6.080335244186885202e-02 -6.369337503852754434e-01 -7.685169809132248453e-01 2.116006818710812754e-01
-7.124350560973387037e-01 -5.115696813245070862e-01 4.803464916007240681e-01 -5.067851057506451290e-02
-6.990988793979091565e-01 5.767251154316848094e-01 -4.226687805538728027e-01 7.593432590544777483e-01
0.000000000000000000e+00 0.000000000000000000e+00 0.000000000000000000e+00 1.000000000000000000e+00
6.485380793154105206e-02 -2.852288835362163377e-01 -9.562627607480397307e-01 1.540033940170154048e-01
-8.124216438108425864e-01 -5.715409608043505729e-01 1.153776529078672231e-01 1.113126996547261216e-01
-5.794523761832955921e-01 7.694058838607380491e-01 -2.687927261218376884e-01 5.533280242438666230e-01
0.000000000000000000e+00 0.000000000000000000e+00 0.000000000000000000e+00 1.000000000000000000e+00
1.058775504427543757e-01 -7.389691226867051155e-02 -9.916295632288292250e-01 1.243908497029697496e-01
-8.175890091886535149e-01 -5.740789951660510981e-01 -4.451426022133897487e-02 1.474291358478686254e-01
-5.659842368530754175e-01 8.154584929144422789e-01 -1.211993810526622584e-01 5.055560044655937890e-01
0.000000000000000000e+00 0.000000000000000000e+00 0.000000000000000000e+00 1.000000000000000000e+00
-4.807094751021157020e-02 -8.346874544924346440e-01 5.486219438906995149e-01 2.076778443144389752e-01
-7.159437350228966546e-01 4.117940374809021531e-01 5.637820846538502684e-01 -1.458932429499734951e-01
-6.965010784535329291e-01 -3.656809046260367513e-01 -6.173845833068305478e-01 8.680543738142592058e-01
0.000000000000000000e+00 0.000000000000000000e+00 0.000000000000000000e+00 1.000000000000000000e+00
3.831675867337169805e-02 -6.698817465474427024e-01 -7.414784364007591666e-01 -4.473905905271518407e-02
-9.519879555046095732e-01 -2.500102336196106112e-01 1.766743208834313794e-01 1.436210178777415913e-01
-3.037280997519337666e-01 6.991089534028410712e-01 -6.472989361130324637e-01 4.768888311124359625e-01
0.000000000000000000e+00 0.000000000000000000e+00 0.000000000000000000e+00 1.000000000000000000e+00
4.014393833212470675e-02 -1.937617246165029283e-01 -9.802269422377782870e-01 1.480285116979916382e-01
-8.070045663046709894e-01 -5.847488107291654025e-01 8.253761757063449167e-02 9.479425109019734563e-02
-5.891791698444506231e-01 7.877342333709160815e-01 -1.798407167382812810e-01 6.210092340054543802e-01
0.000000000000000000e+00 0.000000000000000000e+00 0.000000000000000000e+00 1.000000000000000000e+00
-4.939303936083438984e-02 -6.136543805618910330e-01 7.880283173083951764e-01 1.869075267780931637e-01
-7.180974002593270011e-01 5.701963093419244455e-01 3.990141508187951547e-01 -1.341443885843635331e-01
-6.941876197423105799e-01 -5.461725643329680135e-01 -4.688273440899698441e-01 8.136198215132750544e-01
0.000000000000000000e+00 0.000000000000000000e+00 0.000000000000000000e+00 1.000000000000000000e+00
