2.264063977379260351e-01 9.740314831277054886e-01 -1.684459990538567098e-03 2.695467472076416016e-01
9.711727630394171307e-01 -2.258736977974455939e-01 -7.618776636589164042e-02 5.425136089324951172e-01
-7.458975707026693769e-02 1.561349702923653382e-02 -9.970920970561394370e-01 2.214856147766113281e-01
0.000000000000000000e+00 0.000000000000000000e+00 0.000000000000000000e+00 1.000000000000000000e+00
7.754542949791748407e-01 -6.313567605579654129e-01 -7.700603455545990128e-03 5.384058356285095215e-01
-6.314028492519393465e-01 -7.753753874744051533e-01 -1.111865005142328305e-02 4.518455862998962402e-01
1.048976815924723693e-03 1.348418778366847898e-02 -9.999086319495535946e-01 2.073532938957214355e-01
0.000000000000000000e+00 0.000000000000000000e+00 0.000000000000000000e+00 1.000000000000000000e+00
7.030803299224626102e-01 7.073849485556684691e-01 -7.269543660690924725e-02 4.523903429508209229e-01
6.973134239271296941e-01 -7.058670214245612584e-01 -1.245230088338713514e-01 3.755569458007812500e-01
-1.393989984095940216e-01 3.685818056974010659e-02 -9.895502397586284360e-01 2.303040921688079834e-01
0.000000000000000000e+00 0.000000000000000000e+00 0.000000000000000000e+00 1.000000000000000000e+00
8.659945176467096495e-01 -4.947948477830810821e-01 -7.232950588230036004e-02 4.791776537895202637e-01
-4.998466912712184462e-01 -8.606927170218434675e-01 -9.675422167414837737e-02 3.323539495468139648e-01
-1.437998745045909743e-02 1.199422894306783061e-01 -9.926767418674913301e-01 2.416709959506988525e-01
0.000000000000000000e+00 0.000000000000000000e+00 0.000000000000000000e+00 1.000000000000000000e+00
8.209545159406775872e-01 -5.703384105286604111e-01 2.734593815386887616e-02 5.473089814186096191e-01
-5.709929604317265373e-01 -8.199394232069321387e-01 4.082383778338299907e-02 4.678597152233123779e-01
-8.613914828162760884e-04 -4.912885170236042098e-02 -9.987921897660285708e-01 2.279781103134155273e-01
0.000000000000000000e+00 0.000000000000000000e+00 0.000000000000000000e+00 1.000000000000000000e+00
6.411913314805643971e-01 7.669557782441925875e-01 -2.554405728785824614e-02 5.372993350028991699e-01
7.663548528111293612e-01 -6.416999046383407013e-01 -3.035486812671672752e-02 3.667740225791931152e-01
-3.967246170472349398e-02 -1.125344524797178281e-04 -9.992126987936931215e-01 2.365512549877166748e-01
0.000000000000000000e+00 0.000000000000000000e+00 0.000000000000000000e+00 1.000000000000000000e+00
5.708673454669955794e-01 8.210014026239890184e-01 8.198752926855457090e-03 3.490665853023529053e-01
8.200119854171418199e-01 -5.706227478223533378e-01 4.438695728203811974e-02 5.396425724029541016e-01
4.112014630749816213e-02 -1.861599027618576763e-02 -9.989808835524058850e-01 2.674580514430999756e-01
0.000000000000000000e+00 0.000000000000000000e+00 0.000000000000000000e+00 1.000000000000000000e+00
9.559162847735414026e-01 -2.652733917039138967e-01 -1.259130158064856175e-01 4.552603960037231445e-01
-2.829614598883626875e-01 -9.467542163884279383e-01 -1.535884621613423651e-01 2.742179036140441895e-01
-7.846573846863957868e-02 1.824462417950598603e-01 -9.800799197235310345e-01 2.399890571832656860e-01
0.000000000000000000e+00 0.000000000000000000e+00 0.000000000000000000e+00 1.000000000000000000e+00
4.185120114297000704e-01 -9.080140140929287007e-01 -1.893141141264043092e-02 4.562222063541412354e-01
-9.077144254996611927e-01 -4.175029568823709347e-01 -4.178723336992318238e-02 4.876534044742584229e-01
3.003947181705934888e-02 3.467277525291523332e-02 -9.989474214163749366e-01 2.069219350814819336e-01
0.000000000000000000e+00 0.000000000000000000e+00 0.000000000000000000e+00 1.000000000000000000e+00
6.047110115076820280e-01 -7.963518114992825803e-01 1.218562746762150151e-02 5.384972691535949707e-01
-7.964144480439853124e-01 -6.044831772679726267e-01 1.801499530984271291e-02 4.476854503154754639e-01
-6.980268029445985123e-03 -2.059867546786445236e-02 -9.997637219702397715e-01 2.241910248994827271e-01
0.000000000000000000e+00 0.000000000000000000e+00 0.000000000000000000e+00 1.000000000000000000e+00
3.538812112010405464e-01 9.350941708475017933e-01 -1.915979203657647290e-02 3.206258416175842285e-01
9.266725333468643910e-01 -3.533215979347601454e-01 -1.282267941716659365e-01 4.752089381217956543e-01
-1.266736828404630977e-01 2.762220936242076874e-02 -9.915599599550901644e-01 2.215887308120727539e-01
0.000000000000000000e+00 0.000000000000000000e+00 0.000000000000000000e+00 1.000000000000000000e+00
7.990416074765871457e-01 -5.992675253542115721e-01 -4.910169465228197971e-02 5.493233203887939453e-01
-6.012693849032574311e-01 -7.967407007704796484e-01 -6.066040783208781484e-02 3.947248160839080811e-01
-2.769501750305325416e-03 7.799353406620457285e-02 -9.969501867109471505e-01 2.022332996129989624e-01
0.000000000000000000e+00 0.000000000000000000e+00 0.000000000000000000e+00 1.000000000000000000e+00
3.229479293972161713e-01 -9.464150751399674766e-01 1.831544168595489186e-03 3.500633239746093750e-01
-9.463865276852342356e-01 -3.229218042631174512e-01 8.629420764215744999e-03 4.622694253921508789e-01
-7.575567445235964481e-03 -4.520202943461171241e-03 -9.999614047566325326e-01 2.933434247970581055e-01
0.000000000000000000e+00 0.000000000000000000e+00 0.000000000000000000e+00 1.000000000000000000e+00
7.495957548662489645e-01 -6.606081423297438526e-01 -4.126868818827245100e-02 3.070074617862701416e-01
-6.432330398483387945e-01 -7.123414893458086539e-01 -2.807507478883891627e-01 3.876784145832061768e-01
1.560688270751124929e-01 2.369949541236465729e-01 -9.588931401069036298e-01 2.160359323024749756e-01
0.000000000000000000e+00 0.000000000000000000e+00 0.000000000000000000e+00 1.000000000000000000e+00
3.876023430690996863e-01 -9.094825089308806731e-01 -1.503532190012699665e-01 3.848615288734436035e-01
-9.001097685731571652e-01 -3.382080582737339025e-01 -2.746232587635282218e-01 2.751413285732269287e-01
1.989143761381533260e-01 2.417790224223617113e-01 -9.497243265394459399e-01 2.283964157104492188e-01
0.000000000000000000e+00 0.000000000000000000e+00 0.000000000000000000e+00 1.000000000000000000e+00
6.974093411836885803e-01 7.135693203270790930e-01 6.662629406173170565e-02 5.298463702201843262e-01
7.044398019066903105e-01 -6.996399212011585877e-01 1.194516580499347391e-01 5.292933583259582520e-01
1.318514446720735478e-01 -3.637249247942753172e-02 -9.906020476901531424e-01 2.666697204113006592e-01
0.000000000000000000e+00 0.000000000000000000e+00 0.000000000000000000e+00 1.000000000000000000e+00
3.929355769029636569e-01 9.195234736056214775e-01 -8.834405115214494231e-03 4.184570908546447754e-01
9.192742597362133505e-01 -3.930344935897172043e-01 -2.140884419328803467e-02 4.421466588973999023e-01
-2.315816512430846075e-02 2.910524136201519951e-04 -9.997314959397272105e-01 2.832255959510803223e-01
0.000000000000000000e+00 0.000000000000000000e+00 0.000000000000000000e+00 1.000000000000000000e+00
1.469439966578747203e-01 9.782105340920512759e-01 -1.466689411363013562e-01 3.431575298309326172e-01
9.089082533296330979e-01 -1.920323048462151405e-01 -3.701480948595623488e-01 2.640423476696014404e-01
-3.902478883120004127e-01 -7.891752714214916864e-02 -9.173216346824233369e-01 2.294425070285797119e-01
0.000000000000000000e+00 0.000000000000000000e+00 0.000000000000000000e+00 1.000000000000000000e+00
3.890306767333562288e-01 9.205753915613976712e-01 -3.458466950250027594e-02 3.517054617404937744e-01
9.082263658695401976e-01 -3.895554443965771885e-01 -1.528772900748176511e-01 4.693759083747863770e-01
-1.542077146333014070e-01 2.806324879252919402e-02 -9.876398607390228790e-01 2.158061861991882324e-01
0.000000000000000000e+00 0.000000000000000000e+00 0.000000000000000000e+00 1.000000000000000000e+00
8.591789332504127241e-01 -5.116484930991485047e-01 5.234348334543337256e-03 3.680616319179534912e-01
-5.116378040368052549e-01 -8.589474144356803453e-01 2.088869127877233944e-02 4.837743043899536133e-01
-6.191637385407455785e-03 -2.062521399440066239e-02 -9.997682347010528048e-01 2.941870987415313721e-01
0.000000000000000000e+00 0.000000000000000000e+00 0.000000000000000000e+00 1.000000000000000000e+00
9.353251075377380097e-01 -3.524298402225612414e-01 3.098667231597584948e-02 4.656447768211364746e-01
-3.537275129949767893e-01 -9.332066113057715384e-01 6.326889124529797015e-02 4.680446982383728027e-01
6.619115568279210216e-03 -7.013781982440550622e-02 -9.975157050264908953e-01 2.891467213630676270e-01
0.000000000000000000e+00 0.000000000000000000e+00 0.000000000000000000e+00 1.000000000000000000e+00
7.943771786016593506e-01 -6.072616147859279945e-01 -1.408106974412581813e-02 2.807624340057373047e-01
-5.933120336293440378e-01 -7.707444610103000304e-01 -2.322374066481340815e-01 4.161191880702972412e-01
1.301759427396780300e-01 1.928385685064732957e-01 -9.725574344111720393e-01 2.339547425508499146e-01
0.000000000000000000e+00 0.000000000000000000e+00 0.000000000000000000e+00 1.000000000000000000e+00
8.956749841784863442e-01 -4.358421619561606564e-01 -8.836251699281993943e-02 4.314095675945281982e-01
-4.446536554728187651e-01 -8.808482911422155226e-01 -1.624482923214837782e-01 3.624791502952575684e-01
-7.032156325509797412e-03 1.847915876464246154e-01 -9.827525897766773433e-01 2.269737124443054199e-01
0.000000000000000000e+00 0.000000000000000000e+00 0.000000000000000000e+00 1.000000000000000000e+00
7.266738634018324872e-01 6.845940285933646008e-01 -5.723725436521087673e-02 3.264112472534179688e-01
6.590433658075715018e-01 -7.182156919464413036e-01 -2.232218748304686251e-01 3.204694390296936035e-01
-1.939250609333096342e-01 1.244876677912691854e-01 -9.730857241354389231e-01 2.643415033817291260e-01
0.000000000000000000e+00 0.000000000000000000e+00 0.000000000000000000e+00 1.000000000000000000e+00
4.300488243030861080e-01 -9.028051208303539132e-01 -9.822336222865546418e-04 2.688360512256622314e-01
-9.019929412161614701e-01 -4.296153562140567761e-01 -4.288922609181933243e-02 4.908418655395507812e-01
3.829862891301816230e-02 1.933042992348787958e-02 -9.990794251432504325e-01 2.700453996658325195e-01
0.000000000000000000e+00 0.000000000000000000e+00 0.000000000000000000e+00 1.000000000000000000e+00
2.906003016792908511e-01 9.393701635108797632e-01 -1.820308667382164458e-01 4.373066127300262451e-01
9.146461106432823840e-01 -3.285847057909805358e-01 -2.354882704259786408e-01 2.669364213943481445e-01
-2.810231891233172519e-01 -9.806084401352777036e-02 -9.546780855947716304e-01 2.020741105079650879e-01
0.000000000000000000e+00 0.000000000000000000e+00 0.000000000000000000e+00 1.000000000000000000e+00
9.836265456159950515e-01 1.802067465606660701e-01 -2.085292353467160797e-03 2.502444684505462646e-01
1.795910596666005776e-01 -9.791698240570658740e-01 9.472935587208893005e-02 5.363898277282714844e-01
1.502901320802790819e-02 -9.355280899114264137e-02 -9.955009521841127196e-01 2.974048554897308350e-01
0.000000000000000000e+00 0.000000000000000000e+00 0.000000000000000000e+00 1.000000000000000000e+00
8.726476221823906698e-01 -4.878622639658899418e-01 -2.183024403942510072e-02 3.311949074268341064e-01
-4.875261966933991387e-01 -8.677079823407387593e-01 -9.696065115988714012e-02 3.802203834056854248e-01
2.836116525133650090e-02 9.525529766767074080e-02 -9.950489416007730625e-01 2.642571330070495605e-01
0.000000000000000000e+00 0.000000000000000000e+00 0.000000000000000000e+00 1.000000000000000000e+00
9.987162756683001241e-01 1.294172164251006230e-02 4.897256893913895515e-02 5.057876706123352051e-01
8.107252284042187895e-03 -9.951869247834981280e-01 9.765850250873131522e-02 5.381914973258972168e-01
5.000073127439061405e-02 -9.713610293177699084e-02 -9.940143008703032912e-01 2.239849567413330078e-01
0.000000000000000000e+00 0.000000000000000000e+00 0.000000000000000000e+00 1.000000000000000000e+00
9.953160563677450057e-01 -9.305668302010451642e-02 2.619928336514082412e-02 3.914124667644500732e-01
-9.496941564861026419e-02 -9.918454162419330089e-01 8.499297932189067706e-02 4.833663702011108398e-01
1.807647075379076318e-02 -8.708300745808925103e-02 -9.960372070692571356e-01 2.961019277572631836e-01
0.000000000000000000e+00 0.000000000000000000e+00 0.000000000000000000e+00 1.000000000000000000e+00
5.899291249497400358e-01 -8.072225433218446211e-01 1.937867182469650562e-02 5.301737785339355469e-01
-8.073320608508441909e-01 -5.892506816137901282e-01 3.160885427506399808e-02 4.825044870376586914e-01
-1.409648505853737521e-02 -3.429200634646433626e-02 -9.993127784472424224e-01 2.095980346202850342e-01
0.000000000000000000e+00 0.000000000000000000e+00 0.000000000000000000e+00 1.000000000000000000e+00
6.493623242178212518e-01 -7.598257862098662940e-01 -3.151874337110902036e-02 4.193990826606750488e-01
-7.593335631533264518e-01 -6.455530294052043150e-01 -8.169592114582360787e-02 4.687353372573852539e-01
4.172764601566283926e-02 7.698349351354480397e-02 -9.961590372027586682e-01 2.052817791700363159e-01
0.000000000000000000e+00 0.000000000000000000e+00 0.000000000000000000e+00 1.000000000000000000e+00
6.580017078841126077e-01 7.529250261225083340e-01 -1.173423878483825789e-02 2.873257696628570557e-01
7.434341499106086326e-01 -6.520277685415045710e-01 -1.488812358281159653e-01 4.193759560585021973e-01
-1.197474511968006361e-01 8.924047665401912965e-02 -9.887855622973749092e-01 2.523759603500366211e-01
0.000000000000000000e+00 0.000000000000000000e+00 0.000000000000000000e+00 1.000000000000000000e+00
6.078156717661022945e-01 7.928706056480359088e-01 4.377638709716702436e-02 4.533569216728210449e-01
7.860155910454529327e-01 -6.085654462520726504e-01 1.087558514568529588e-01 5.332759022712707520e-01
1.128701023364095946e-01 -3.169459404937224889e-02 -9.931042738352591215e-01 2.710256874561309814e-01
0.000000000000000000e+00 0.000000000000000000e+00 0.000000000000000000e+00 1.000000000000000000e+00
3.274987616044131578e-01 -9.448369856417904167e-01 5.271246754477432184e-03 4.262598156929016113e-01
-9.447667676991167163e-01 -3.273896629438479700e-01 1.523377398436470687e-02 5.308662056922912598e-01
-1.266768054439426638e-02 -9.969141476499909782e-03 -9.998702941059320892e-01 2.294549345970153809e-01
0.000000000000000000e+00 0.000000000000000000e+00 0.000000000000000000e+00 1.000000000000000000e+00
9.245866079012456940e-01 -3.798409273695875221e-01 2.933382168167741888e-02 4.103474915027618408e-01
-3.809336634331699223e-01 -9.206580587725678999e-01 8.531266037635723554e-02 4.929998517036437988e-01
-5.398820503139667437e-03 -9.005318346465604473e-02 -9.959223075809480186e-01 2.893949747085571289e-01
0.000000000000000000e+00 0.000000000000000000e+00 0.000000000000000000e+00 1.000000000000000000e+00
-1.845120653447773762e-03 9.999984592441685249e-01 1.551874534473363099e-04 2.580136954784393311e-01
9.990527531235776637e-01 1.849777046752154597e-03 -4.348011689530006940e-02 5.084505081176757812e-01
-4.348032946122448728e-02 7.482190882290851164e-05 -9.990546270519899963e-01 2.589270770549774170e-01
0.000000000000000000e+00 0.000000000000000000e+00 0.000000000000000000e+00 1.000000000000000000e+00
9.987867509417462930e-01 4.240892328712272952e-02 -2.503017586760714064e-02 3.356711268424987793e-01
3.845499376259067792e-02 -9.891894087497252741e-01 -1.415135205471282909e-01 4.939984977245330811e-01
-3.076101319943014278e-02 1.403792943013688621e-01 -9.896201106196815811e-01 2.013229727745056152e-01
0.000000000000000000e+00 0.000000000000000000e+00 0.000000000000000000e+00 1.000000000000000000e+00
5.721569279470867242e-01 8.129045480580749938e-01 -1.087319089650309323e-01 4.649295210838317871e-01
8.024134295452789445e-01 -5.822642936450863616e-01 -1.307704692690929704e-01 2.818498015403747559e-01
-1.696146230903066154e-01 -1.242671694261154869e-02 -9.854320753002241418e-01 2.534171044826507568e-01
0.000000000000000000e+00 0.000000000000000000e+00 0.000000000000000000e+00 1.000000000000000000e+00
1.078240141424831045e-01 9.938400282076973458e-01 -2.561810767858396787e-02 3.093263208866119385e-01
9.738796365071802352e-01 -1.107681763852963464e-01 -1.982151535144369703e-01 4.500372409820556641e-01
-1.998317860240224064e-01 -3.576565144473242697e-03 -9.798240388138950152e-01 2.245748043060302734e-01
0.000000000000000000e+00 0.000000000000000000e+00 0.000000000000000000e+00 1.000000000000000000e+00
3.267424871491034777e-01 9.375434639106652313e-01 -1.193805231298501468e-01 4.472376704216003418e-01
9.161425338370667859e-01 -3.452248879133188453e-01 -2.037224879992063364e-01 3.647604286670684814e-01
-2.322117863480759326e-01 -4.280476258991505745e-02 -9.717230868948831812e-01 2.011076211929321289e-01
0.000000000000000000e+00 0.000000000000000000e+00 0.000000000000000000e+00 1.000000000000000000e+00
9.984919988679421543e-01 -4.556239963411531230e-02 -3.062345812059726058e-02 5.123898983001708984e-01
-4.679535447054853498e-02 -9.980698831673631144e-01 -4.082934801684903747e-02 3.752482533454895020e-01
-2.870406326042566902e-02 4.220081277755713400e-02 -9.986969013683937302e-01 2.516875863075256348e-01
0.000000000000000000e+00 0.000000000000000000e+00 0.000000000000000000e+00 1.000000000000000000e+00
9.605478977356085579e-01 -2.577694938302629302e-01 -1.044156327947751706e-01 3.159383833408355713e-01
-2.780811649461197854e-01 -8.843508489917137894e-01 -3.749592637955496688e-01 2.608469724655151367e-01
4.313006335748603703e-03 3.892023533515460709e-01 -9.211421899971714566e-01 2.451237738132476807e-01
0.000000000000000000e+00 0.000000000000000000e+00 0.000000000000000000e+00 1.000000000000000000e+00
6.526210766616726833e-01 -7.564491831174352532e-01 4.324830349792552209e-02 5.192468166351318359e-01
-7.570075665148833233e-01 -6.485628521139330527e-01 7.941044224333099200e-02 5.226188898086547852e-01
-3.202072194217653323e-02 -8.456422091541965225e-02 -9.959035421361281948e-01 2.456405609846115112e-01
0.000000000000000000e+00 0.000000000000000000e+00 0.000000000000000000e+00 1.000000000000000000e+00
3.009449095739438196e-01 -9.504802960827442027e-01 -7.758590712275154067e-02 5.227277874946594238e-01
-9.520851715252837133e-01 -2.948116604097339444e-01 -8.136516717652536590e-02 3.065674901008605957e-01
5.446276147306822191e-02 9.835482208032214624e-02 -9.936602642409440023e-01 2.467570900917053223e-01
0.000000000000000000e+00 0.000000000000000000e+00 0.000000000000000000e+00 1.000000000000000000e+00
8.002332220269269270e-01 5.898986283925597984e-01 -1.079186984221296441e-01 5.256046652793884277e-01
5.825761598662222429e-01 -8.073901161994747611e-01 -9.341649963089038167e-02 2.546680569648742676e-01
-1.422387261053605911e-01 1.188413515317465752e-02 -9.897612737996173138e-01 2.450735867023468018e-01
0.000000000000000000e+00 0.000000000000000000e+00 0.000000000000000000e+00 1.000000000000000000e+00
8.262768032411792474e-01 5.622623949610998650e-01 3.358022328461218731e-02 4.970519542694091797e-01
5.593148274566344114e-01 -8.260712530465896819e-01 6.908748073031190096e-02 5.371305942535400391e-01
6.658495303288580747e-02 -3.830346484476332414e-02 -9.970452085429233335e-01 2.384234368801116943e-01
0.000000000000000000e+00 0.000000000000000000e+00 0.000000000000000000e+00 1.000000000000000000e+00
6.880957030281349418e-01 -7.240067854752154641e-01 -4.835832338265966257e-02 2.830036878585815430e-01
-6.818968514786789559e-01 -6.224119352886718914e-01 -3.842139034600586811e-01 2.507511377334594727e-01
2.480746597256580088e-01 2.973513313479463349e-01 -9.219769266270816388e-01 2.413536310195922852e-01
0.000000000000000000e+00 0.000000000000000000e+00 0.000000000000000000e+00 1.000000000000000000e+00
2.133343790089496927e-01 -9.753848811751345549e-01 -5.579169160638090819e-02 5.208988189697265625e-01
-9.752550061139936277e-01 -2.092190274291056973e-01 -7.144910126003141404e-02 3.712963163852691650e-01
5.801768977585315679e-02 6.965367611433441464e-02 -9.958825995473148396e-01 2.144081592559814453e-01
0.000000000000000000e+00 0.000000000000000000e+00 0.000000000000000000e+00 1.000000000000000000e+00
5.991784134110507143e-01 7.997337677404826595e-01 3.756595783100302732e-02 4.996274113655090332e-01
7.970837495116941396e-01 -6.002807930587887864e-01 6.573242283916003181e-02 4.649767577648162842e-01
7.511855108112608370e-02 -9.442239328627310968e-03 -9.971300837423342500e-01 2.634958624839782715e-01
0.000000000000000000e+00 0.000000000000000000e+00 0.000000000000000000e+00 1.000000000000000000e+00
